k=1
9.3
8.1
7.35
6.45
8.65
6.8
8.600000000000001
5.85
4.5
3.2
6.25
7.5
7.550000000000001
8.0
5.7
2.95
5.6
7.199999999999999
9.2
8.05
3.8499999999999996
3.4000000000000004
2.55
3.8
4.25
2.65
2.5999999999999996
2.1
3.0
3.0
2.3
4.55
2.95
4.0
3.0
4.15
4.7
4.5
5.25
7.7
9.5
4.6
6.35
4.2
5.3
6.949999999999999
k=2
9.350000000000001
8.4
7.55
6.85
8.3
6.25
6.449999999999999
7.0
4.9
2.5
6.35
7.7
7.75
7.4
6.05
4.5
6.05
6.9
8.15
9.600000000000001
4.0
2.1500000000000004
3.2
2.95
4.550000000000001
2.5
3.2
3.0
3.95
2.95
2.6
4.15
3.45
4.15
3.8
4.7
4.55
6.4
4.1
8.35
6.800000000000001
4.3
5.699999999999999
3.8
5.35
7.65
k=3
9.25
8.45
7.15
6.5
8.65
6.95
7.199999999999999
5.65
5.25
4.7
6.35
7.15
7.0
8.649999999999999
6.25
4.6
6.0
6.55
9.2
7.9
4.25
1.7999999999999998
3.2
2.5
4.2
2.05
3.55
3.3
2.3
4.05
2.3
2.85
4.7
3.75
3.65
4.9
6.199999999999999
7.3
6.2
8.65
8.6
5.2
8.95
3.55
5.85
7.2
k=4
9.8
8.3
7.3
6.7
8.649999999999999
6.4
6.1
4.7
4.4
3.6
7.7
6.800000000000001
7.4
7.35
7.05
3.75
5.85
6.8
9.7
8.75
4.8
3.2
2.65
2.45
3.45
2.0
3.45
2.6
2.6
4.6
2.25
2.9000000000000004
3.1
4.3
4.5
3.55
5.050000000000001
5.75
5.300000000000001
6.1
9.0
3.85
5.75
4.4
5.5
7.75
k=5
9.350000000000001
8.2
7.35
6.45
8.7
6.6
7.050000000000001
4.7
4.5
2.3
5.25
7.9
7.7
6.800000000000001
5.6
3.4000000000000004
5.85
5.8
8.6
8.75
3.0999999999999996
3.0
1.8
2.1
4.3
3.25
4.0
3.25
1.9500000000000002
4.25
2.8
3.05
4.449999999999999
4.199999999999999
3.0
4.35
4.75
5.45
4.25
7.45
10.0
5.5
5.95
4.35
5.25
6.85
k=6
9.4
8.45
7.3
6.85
8.75
5.6
6.35
5.3
3.9
5.25
6.1
8.2
6.9
6.25
6.4
3.65
5.65
6.4
8.149999999999999
9.5
2.6
2.3
2.95
1.65
3.85
2.45
3.7
3.0999999999999996
3.2
3.8499999999999996
2.15
3.8
3.8
4.1
2.9
4.3
4.699999999999999
5.449999999999999
4.7
6.5
10.15
5.35
5.75
4.1
4.35
7.9
k=7
9.2
8.6
7.45
6.35
8.65
7.25
6.6
5.85
4.300000000000001
3.35
7.05
6.5
7.4
7.25
5.949999999999999
3.0
6.050000000000001
8.649999999999999
9.1
9.100000000000001
3.3499999999999996
3.6
2.75
3.65
4.45
2.75
2.7
2.55
2.75
2.8499999999999996
2.1
4.9
3.6500000000000004
5.25
2.05
5.15
5.7
5.4
3.5
6.7
9.35
4.7
6.35
4.3
5.15
7.25
k=8
9.350000000000001
8.5
7.3
6.699999999999999
8.9
5.300000000000001
6.95
4.9
4.4
4.0
6.2
6.9
7.1
6.65
5.800000000000001
4.35
5.25
6.5
9.25
9.85
4.199999999999999
3.1
3.35
3.65
5.5
2.25
2.85
2.85
2.85
5.199999999999999
3.3
3.0
3.8
3.8
4.2
3.4
5.25
5.9
6.05
6.9
9.0
4.2
5.2
4.4
7.1
7.550000000000001
