k=1
5.75
1.0
3.3499999999999996
4.4
4.75
3.75
2.35
3.25
3.95
2.45
2.6500000000000004
6.0
3.3
1.7
4.2
1.75
1.5
3.9499999999999997
2.35
2.25
1.8
2.1
2.6
2.45
1.6
2.4
0.8500000000000001
2.9
2.3
3.4
2.85
3.8
2.15
4.15
5.75
4.15
2.6500000000000004
3.05
3.75
3.1500000000000004
3.05
4.3
3.75
2.2
3.0999999999999996
4.5
k=2
4.6
1.4500000000000002
2.4
2.4000000000000004
2.8
1.95
4.1
1.9
1.75
2.4
3.5
5.25
4.15
1.9000000000000001
3.65
2.6500000000000004
2.9
2.3499999999999996
1.5
1.7
1.4
2.0
1.85
1.4
2.05
1.4
3.0999999999999996
3.4
3.6500000000000004
3.15
3.5
2.3
1.95
2.9
4.4
3.3
3.1500000000000004
3.4
1.95
1.3
2.25
2.8499999999999996
2.1
3.0
2.2
2.8
k=3
4.95
3.3
1.6
2.0
4.5
1.75
2.7
1.55
2.8
2.3499999999999996
3.2
4.65
3.8499999999999996
2.75
3.3
1.3
2.3
2.1
1.35
2.9
0.7
1.15
1.8
0.95
1.75
1.3
2.05
3.75
2.7
2.85
1.85
2.9
1.25
2.7
3.2
3.05
2.6
2.35
2.55
2.15
2.3
2.3
2.2
3.6
3.0999999999999996
1.8
k=4
4.2
2.35
2.3
2.35
1.35
2.7
2.25
2.65
4.85
3.55
3.3499999999999996
3.2
5.4
1.7000000000000002
2.2
2.9000000000000004
2.55
1.9
2.6
3.35
0.95
1.2999999999999998
1.6
1.7
2.0999999999999996
1.05
1.65
2.95
2.6
2.8
1.45
2.8
1.2999999999999998
2.7
2.55
3.2
3.3499999999999996
2.55
2.2
2.2
2.2
2.55
2.7
3.8
1.85
3.3
k=5
4.95
3.6
4.05
3.65
1.3
4.800000000000001
1.35
2.35
3.8
3.5
2.6
3.0
7.300000000000001
1.7
4.55
2.7
1.85
2.55
2.15
4.5
1.85
1.2000000000000002
1.75
0.75
2.65
1.0
2.2
3.0
2.55
2.4
2.6500000000000004
2.6
1.75
2.7
3.55
4.05
1.75
2.1500000000000004
2.15
1.4500000000000002
2.55
2.4
2.1500000000000004
3.2
2.0
3.5
k=6
5.45
4.1
2.7
3.3
2.95
3.9000000000000004
4.0
1.2999999999999998
5.0
3.9
3.3
2.3
7.550000000000001
3.25
4.35
2.15
2.2
1.3
2.25
3.3
2.05
1.5
1.5
0.95
3.1500000000000004
0.9
2.55
4.1
2.6
2.05
1.9
2.05
1.2
2.3
4.3
2.9000000000000004
4.25
1.65
2.25
1.5
3.95
2.55
2.4
4.3
1.9500000000000002
2.95
k=7
5.0
2.8
1.9500000000000002
2.85
2.6
2.75
3.4
2.05
4.05
3.0999999999999996
4.6
2.5999999999999996
6.35
3.1
1.95
3.05
1.75
1.75
2.65
4.0
1.5
1.45
1.4
1.35
4.55
1.2
1.75
3.5
2.65
2.5999999999999996
1.75
2.3
1.05
2.1500000000000004
3.7
2.65
1.75
1.05
1.9500000000000002
1.6
3.0
2.8499999999999996
3.25
4.3
3.3499999999999996
2.6
k=8
4.2
3.3
3.9
2.4
1.9
2.85
3.2
1.4
2.8
3.9
2.5
1.9500000000000002
6.3
2.6
2.45
1.9500000000000002
2.2
1.65
3.45
4.75
2.2
1.05
1.3
1.4
3.0
0.7
2.05
3.7
3.25
2.4
1.85
2.25
1.75
1.65
3.5
3.3
2.7
2.35
2.25
1.25
4.1
2.65
4.0
4.3
3.3
2.7
