-93.0 19.256849378857385
-66.0 11.474537027697457
-77.0 16.63904832014139
-54.0 10.061150729414603
-72.0 27.82674238929164
-66.0 16.702590218286502
-69.0 9.523870851707304
-66.0 6.7187608976655815
-56.0 6.36041673163009
-84.0 12.41130488707775
-85.0 19.826560468220404
-93.0 30.816262005635924
-77.0 14.699107251802744
-65.0 23.100986818748677
-60.0 12.434649974969139
-70.0 12.327129268406331
-63.0 11.038104366239704
-70.0 6.525940621856745
-80.0 18.05817692902581
-80.0 35.90837077897019
-82.0 28.85882915157855
-84.0 24.025187116857172
-83.0 19.07433479836191
-75.0 16.702155220210354
-84.0 33.641618629310926
-86.0 32.603940390695115
-56.0 6.9232762475579435
-79.0 18.96657557388787
-65.0 13.25084902940185
-65.0 11.217063073728346
-63.0 6.863375918598659
-64.0 21.954196728643936
-85.0 20.806561200736656
-71.0 14.203696701915312
-71.0 24.86957486568679
-56.0 24.196520245688223
-60.0 11.3530841624644
-65.0 8.37150619661719
-68.0 10.960919122044466
-70.0 14.210309672910016
-88.0 19.036005069341623
-69.0 23.7198809862107
-54.0 10.428211351904986
-67.0 12.498180667601185
-76.0 28.113628652310254
-76.0 27.538041833071574
-78.0 18.26603134235787
-89.0 30.27049312449336
-89.0 44.86017267019823
-57.0 10.722405933371483
-73.0 13.763902063005244
-80.0 22.58775119395466
-51.0 5.717670329775931
-90.0 30.97111589852713
-51.0 6.615057747291401
-72.0 11.905670917676165
-80.0 22.275333981783533
-91.0 23.93165119668929
-53.0 4.615598986047206
-87.0 38.027320336831515
-74.0 30.83384536511786
-84.0 25.005631685682324
-87.0 19.902518634584922
-80.0 12.864015741594846
-84.0 22.717504264333265
-59.0 6.201431608910962
-59.0 19.072797172937168
-56.0 10.052488249184876
-72.0 16.494608694964544
-72.0 15.538074140639182
-78.0 20.810159874445944
-61.0 25.6924033908858
-58.0 12.835440000249308
-64.0 6.931386297127005
-75.0 9.913513403430693
-68.0 14.542107859591745
-88.0 18.058806411277573
-79.0 23.34475859802367
-92.0 44.11947438490173
-71.0 15.458912930733518
-71.0 13.291143818347615
-58.0 17.477178090298217
-62.0 12.03509833777855
-62.0 8.716910002976972
-68.0 23.417987018529153
-72.0 23.083711746597427
-74.0 14.90036580087885
-90.0 27.3752945920222
-72.0 11.47898031185697
-73.0 11.25337744857072
-76.0 14.105740994361126
-61.0 16.064362856957633
-69.0 22.535917820226448
-53.0 11.350441401108592
-71.0 11.751515476737458
-72.0 11.133092472444483
-59.0 8.021278015378845
-82.0 19.34339044738538
-82.0 28.00253595658793
-74.0 15.922468401601558
-80.0 26.627476485765605
-50.0 2.6016829168828393
-84.0 20.18893233927936
-68.0 13.282507293429202
-58.0 7.700292461978311
-61.0 24.88603532103899
-78.0 31.958552720672444
-79.0 22.93464671626751
-78.0 16.496109117000895
-72.0 11.77905972478279
-67.0 5.0991078631462585
-83.0 19.4336049151978
-90.0 30.5649227710459
-63.0 7.541336353724053
-48.0 9.108215632054394
-62.0 11.420005253939246
-76.0 27.866038756881107
-75.0 27.57625333507074
-75.0 18.85207948741995
-89.0 31.054335510520907
-91.0 47.56924523260801
-92.0 16.21820729920542
-55.0 6.741290677607664
-73.0 15.214154725123576
-84.0 17.47509453479437
-57.0 11.641681751362215
-69.0 25.872989622384193
-60.0 14.588780620737293
-74.0 9.715045856814058
-67.0 8.038143317955956
-60.0 6.940309863399472
-86.0 14.41247685167265
-93.0 32.56556469647042
-67.0 16.65195946427927
-78.0 36.93289985906874
-80.0 29.473513872628082
-83.0 23.562080044002904
-88.0 18.49232943682326
-82.0 11.44490720801178
-80.0 21.949145769254894
-94.0 31.129534673682485
-52.0 5.502431644282371
-63.0 18.384330066662752
-60.0 8.675512664966838
-69.0 16.068979930288044
-66.0 15.605696011392764
-67.0 9.47211174976309
-79.0 21.934715726446058
-72.0 10.565364593803661
-65.0 23.5008245387263
-53.0 11.174774807574424
-63.0 11.55683866807874
-75.0 26.642787316645382
-77.0 26.03804424299183
-81.0 16.87269690950442
-90.0 28.98530237896441
-70.0 29.425356276517707
-69.0 20.230484917569328
-70.0 11.026411383582603
-72.0 2.6273372451971215
-91.0 20.69136293239283
-90.0 31.91184739246539
-64.0 10.219723773175085
-88.0 46.07670878003333
-87.0 36.29787900139621
-91.0 23.25656070875485
-75.0 10.710788439699478
-69.0 12.871868551224411
-77.0 21.278216654597728
-88.0 19.475521276720684
-53.0 7.144001259798321
-63.0 27.27708914088892
-59.0 15.76986112811397
-68.0 8.505534433532086
-60.0 6.538176198298728
-62.0 7.59657166095338
-90.0 13.094674070017932
-70.0 16.11312365744147
-55.0 20.39361645221367
-63.0 10.696191845699104
-66.0 15.08423402099026
-70.0 14.038082062732075
-66.0 7.416731153277702
-84.0 19.821900867474845
-82.0 34.81196765481664
-77.0 27.482613048980625
-83.0 22.61856794759562
-82.0 17.725299658962047
-83.0 9.562891874323373
-75.0 15.784232290485336
-81.0 22.62089741809551
-91.0 33.19545908704985
-93.0 32.90663958838702
-56.0 6.652124021694123
-65.0 18.96830920245661
-65.0 24.128480930220206
-68.0 11.207342236230675
-57.0 8.872548450135396
-71.0 12.031115825225855
-87.0 20.16927090898429
-92.0 25.872040893597863
-72.0 25.16350043217358
-69.0 30.66723971928351
-66.0 21.098069105963226
-65.0 9.985877427647507
-64.0 4.054984710205452
-84.0 11.371916681017321
-89.0 19.193032589979104
-68.0 9.315994525545836
-46.0 9.486389829645418
-69.0 14.6626232305137
-78.0 31.06367840420706
-69.0 30.538037723468744
-80.0 21.096632456389813
-86.0 32.89548227340648
-93.0 43.98746516906834
-90.0 34.17809269107918
-93.0 21.477793555204872
-93.0 16.287241878230947
-71.0 12.634278768493278
-80.0 21.917721231916428
-87.0 21.37977850680404
-48.0 5.3861631984187035
-87.0 42.481514709341525
-91.0 33.3986230255081
-57.0 11.356407398468937
-81.0 15.826086060678428
-85.0 25.270427459779942
-94.0 23.805523077638938
-47.0 3.082491524724764
-63.0 25.369737720362817
-60.0 13.676422046719676
-65.0 8.168093290358529
-61.0 8.361871859817034
-93.0 32.900547168702225
-65.0 18.037648239169098
-81.0 38.58026816910427
-88.0 28.94819545325753
-85.0 18.129799116371917
-89.0 12.809303181672297
-67.0 14.552147607827514
-86.0 26.667619485060907
-51.0 2.667162162299098
-57.0 16.52318347050592
-55.0 9.372327352370915
-69.0 19.35582899283831
-71.0 18.538062142521802
-79.0 22.953708937772998
-63.0 25.628335724350112
-63.0 12.706711612372416
-65.0 7.52888544208238
-69.0 11.08529422252743
-68.0 24.81021471088068
-68.0 14.462295426383738
-60.0 9.774712271980183
-72.0 12.117528790970542
-83.0 10.924418931915785
-63.0 17.371550132328434
-76.0 13.452731655689858
-56.0 10.695092332467262
-67.0 15.265729723796372
-84.0 12.528005787035701
-56.0 14.50040530468028
-51.0 9.95427506149996
-59.0 10.381354439570975
-77.0 26.07845371182885
-83.0 17.50545346456355
-89.0 29.802965523585062
-91.0 48.90256733546819
-92.0 37.82652534928367
-92.0 17.180403022048115
-69.0 9.0975265319756
-54.0 6.299603162104736
-77.0 13.857362808269114
-75.0 16.291406599799785
-58.0 13.110063081465322
-64.0 26.800216267784112
-60.0 14.929853314751622
-62.0 7.647490830331214
-59.0 6.697294080447715
-93.0 20.795492300015407
-72.0 17.54142964527122
-68.0 14.617596108799832
-68.0 14.112892970613785
-67.0 8.761329864809337
-85.0 20.999446516515622
-81.0 34.98647012775081
-91.5 18.82295449710273
-79.0 8.278580856644453
-77.0 11.619121696582749
-84.0 18.722847005730728
-80.0 29.55351931665669
-54.0 4.424788582520073
-80.0 33.746630824424535
-77.0 26.120031010701346
-74.0 21.224740658015115
-77.0 16.402507369301805
-77.0 8.121077576282596
-80.0 14.960681435014918
-80.0 22.05413793373026
-85.0 32.81186529290891
-60.0 6.713401075460932
-70.0 19.666544917702247
-71.0 12.474173319302565
-63.0 6.202781956509514
-58.0 10.375833894198577
-60.0 24.992674006596417
-47.0 8.01271439650759
-64.0 13.755163394158574
-82.0 30.83978138703321
-77.5 30.57249986507482
-81.0 21.606038530929265
-88.0 43.14926525446291
-89.0 33.092355914923914
-91.0 20.00463986179206
-87.0 16.37900793699057
-69.0 7.734984744652054
-69.0 11.589003408404022
-83.0 21.3322878285476
-90.0 21.94139760817437
-49.0 5.461662201198459
-93.0 44.93414171874211
-61.0 6.55835261327111
-65.0 8.39434333345974
-79.0 17.996069126339787
-81.0 19.970401322957933
-55.0 8.737205159546157
-79.0 35.86782809148053
-81.0 28.127389142968816
-78.0 22.12603932022177
-76.0 17.09743395951568
-78.0 14.590852922293474
-88.0 21.25899809492442
-89.0 31.446429511154363
-55.0 5.1571071348189
-58.0 15.723472644425597
-53.0 7.877342191373941
-74.0 18.994423286849223
-79.0 18.594777438840186
-70.0 11.364017819415807
-87.0 23.97794307274917
-63.0 8.380035799446205
-75.0 11.023361737691458
-80.0 11.986364294480625
-58.0 17.39510718564275
-67.0 8.853530369293368
-67.0 7.893446902336141
-81.0 11.535377280349351
-64.0 20.520690875309242
-66.0 13.540624800946226
-80.0 29.587397925468203
-77.0 29.03803967212663
-87.0 31.57463782848506
-69.0 28.59306895035928
-66.0 18.999592627211772
-65.0 10.059212096382103
-62.0 2.48110882469915
-89.0 12.845212688001705
-88.0 20.677584481752216
-91.0 31.90291528998565
-66.0 11.402269686338768
-56.0 10.941617293617977
-79.0 14.754829717756827
-80.0 23.919667723444658
-88.0 22.35472945486033
-50.0 4.3412848328576645
-59.0 17.78042721646474
-58.0 9.601901894937274
-72.0 17.91954564156134
-65.0 17.03806761343551
-82.0 21.85675534016886
-69.0 11.197790139130133
-62.0 18.87102948967014
-55.0 10.84550598174193
-72.0 11.224167185141177
-59.0 15.98770633955978
-70.0 29.86957636124088
-63.0 19.920856407293336
-70.0 13.144737197829404
-61.0 8.906388044544208
-59.0 3.9618052703281617
-85.0 11.346827265804306
-92.0 30.403157796518443
-65.0 10.599846885686604
-92.0 41.55888703995814
-71.0 14.854124006483858
-82.0 24.67335615598332
-55.0 2.4126238828296467
-89.0 40.18610570831665
-83.0 31.67421695953982
-91.0 22.71690154928704
-86.0 17.417641861055703
-80.0 12.687237248510803
-74.0 18.151721681427357
-85.0 28.017539220995126
-90.0 26.723415369297392
-56.0 2.076476342268315
-82.0 39.35765607858273
-88.0 28.302643268783214
-81.0 23.232783905507322
-84.0 15.441402170787471
-81.0 19.88522036588984
-87.0 25.651218294654154
-91.0 35.33013591822143
-61.0 9.27225722248903
-59.0 24.94665492606173
-59.0 12.874646402911422
-63.0 8.435764102913263
-64.0 8.562928704596343
-83.0 16.00248383845458
-93.0 33.29978984918674
-68.0 19.44031260036731
-86.0 36.16187345810501
-87.0 13.278036300598067
-80.0 9.331393304324923
-68.0 10.38051005490578
-69.0 17.31430044789567
-83.0 28.08854755945918
-91.0 29.455049295494312
-56.0 3.30511028560319
-80.0 34.83479714308668
-74.0 26.79761220706054
-77.0 15.721903447102072
-76.0 13.695728859757702
-82.0 20.65490256573485
-92.0 31.355613596292454
-57.0 5.235910045063799
-53.0 14.151310610681968
-60.0 9.62437114828808
-70.0 22.25363152386594
-70.0 21.53805348679402
-74.0 12.837752957585685
-80.0 25.272173511591756
-74.0 12.29455119148316
-60.0 9.195923009682062
-73.0 14.255613069945468
-74.0 13.295898954188845
-58.0 14.372917379571902
-93.0 49.819143830459396
-92.0 39.49815210867465
-69.0 11.873246775840212
-67.0 11.018393712333935
-80.0 17.533696244659883
-75.0 15.24430808531499
-50.0 11.535673105631938
-53.0 8.445803218166997
-65.0 12.552311340944344
-78.0 20.22030912226616
-94.0 32.3268735574599
-60.0 27.816822104618637
-64.0 17.810011791124676
-69.0 9.235461439473395
-58.0 3.14784068847202
-93.0 20.77239755059584
-66.0 12.652302320131303
-91.0 46.24613596831632
-89.0 35.43492655558919
-91.0 15.342563279973787
-61.0 7.194650026234771
-61.0 7.463578230312858
-73.0 16.595617011729335
-80.0 18.704222223872343
-48.0 10.182521986227183
-59.0 24.480269442961614
-59.0 13.471322132589659
-67.0 10.996368309582943
-71.0 9.538120779273033
-58.0 6.567183642932486
-73.0 17.304414292312813
-67.0 26.40006803021538
-66.0 14.199032361397025
-63.0 7.008859821682838
-69.0 7.17354500926843
-73.0 18.980799614347127
-77.0 20.22330311793798
-70.0 14.188904115540423
-62.0 10.857186744272202
-74.0 6.215861082746299
-62.0 23.448491507984052
-57.0 17.03982370800825
-56.0 8.149142286155028
-73.0 17.528551451845644
-75.0 17.099758711747953
-66.0 10.352820919923227
-82.0 22.93004042735206
-74.0 32.71539533614106
-69.0 24.773332839971292
-83.0 19.846400580457907
-80.0 15.112850426044718
-76.0 6.704841608867431
-76.0 14.247876648820341
-76.0 21.576955299578298
-76.0 32.49305316525365
-56.0 7.09850364513536
-74.0 14.818535318984802
-55.0 9.081024171314597
-69.0 10.003524578867191
-72.0 11.03195037153449
-70.0 18.892716956541747
-92.0 57.07651962059355
-78.0 16.845503524679813
-62.0 7.0613386832809555
-71.0 10.95882881516086
-59.0 22.01008300756724
-65.0 29.12736843588861
-58.0 18.78969185484424
-65.0 7.964279502880346
-63.0 4.410090815391447
-87.0 11.518701706355625
-91.0 19.280365660432896
-70.0 11.934226158406751
-93.0 40.67066623501513
-95.0 31.062711085801894
-87.0 14.33032616516456
-68.0 8.59232151400307
-83.0 24.154802917846382
-67.0 2.5767720116455783
-51.0 6.245797707258856
-65.0 10.652933868188613
-78.0 20.838582101477062
-89.0 22.58882309904613
-53.0 5.92863846089471
-79.0 38.18359715898962
-81.0 31.64503152155169
-82.0 26.868747942544697
-86.0 21.83158830685482
-74.0 18.764380858424293
-83.0 24.79243836333974
-93.0 34.71164795857437
-59.0 8.294200021701913
-64.0 12.205266076575308
-61.0 8.142611129115771
-63.0 9.188566155826491
-66.0 11.266183959087478
-77.0 20.85652785101106
-59.0 13.208769511199748
-61.0 8.175605176376854
-72.5 21.940011759340514
-75.0 21.586888335283525
-76.0 13.65872984577995
-86.0 26.205948828462592
-62.0 7.697077367416804
-73.0 13.338009746585135
-80.0 14.181358503331055
-63.0 14.401380281070283
-93.0 52.956067565482996
-71.0 12.767849818978918
-61.0 7.028869041318097
-69.0 10.034665116484957
-80.0 13.134037041214707
-56.0 17.54732897052996
-47.0 9.346849308724305
-71.0 15.847287465052181
-72.0 32.54212832621739
-73.0 32.03803595728053
-80.0 22.52837990180386
-85.0 34.23109338014198
-92.0 42.764109858618596
-85.0 33.178095484822514
-91.0 15.9886912535079
-58.0 9.481507738751258
-87.0 22.793945007391766
-50.0 3.894323304503621
-91.0 41.322525237453725
-88.0 32.51325914146412
-93.0 17.306364378459158
-88.0 14.633724782159872
-69.0 11.946421598118826
-76.0 16.96245854821759
-81.0 26.63716396315494
-89.0 25.26206501852135
-48.0 2.1579513432883517
-88.0 40.294578940596956
-78.0 33.590207203886074
-87.0 27.91060042349501
-83.0 22.757377880590727
-82.0 18.951859776813464
-89.0 24.458638555733227
-62.0 8.26557644692734
-65.0 23.94776799620374
-74.0 12.477520587039718
-69.0 10.346985841296972
-63.0 9.647888266351348
-59.0 8.054868155345561
-88.0 16.44379788856577
-72.0 18.64166714647593
-61.0 26.08017622639847
-56.0 13.59501820521032
-59.0 6.653128286753533
-63.0 7.909851326036414
-70.0 11.681904853233481
-85.0 15.835418813533161
-92.0 22.131708022653832
-77.0 20.428895075358334
-59.0 15.309722139869164
-49.0 9.380006396586305
-75.5 20.801108528153012
-71.0 20.03805749068507
-85.0 24.094143562285005
-85.0 31.721587160796354
-73.0 23.44525581007808
-73.0 18.487012089572502
-74.0 13.86557780981377
-73.0 5.334594736247544
-83.0 21.195400444436054
-82.0 32.240944527107146
-52.0 7.759365566848877
-95.0 52.95085544162625
-95.0 42.019448116318706
-74.0 13.33817787405761
-71.0 13.144523726632322
-74.0 12.075261032375241
-62.0 15.872169164925127
-90.0 40.61969990041778
-72.0 12.598610597998494
-55.0 10.753836524701311
-70.0 16.370293338850104
-62.0 13.016019130287109
-79.0 37.98903910340455
-80.0 30.150356880143228
-81.0 18.016721344351197
-86.0 12.04267001125581
-74.0 20.651997482083907
-89.0 29.657695948943843
-57.0 4.13784412466202
-78.0 21.511229369796606
-84.0 15.217259937321172
-63.0 10.697406414640886
-67.0 5.887947774904257
-71.0 24.94347116982719
-79.0 33.83674174621428
-71.0 25.4867420436587
-79.0 19.28319517092538
-78.0 20.144602254698405
-81.0 31.0218391459952
-58.0 5.72134197544597
-64.0 10.743208086972905
-82.0 25.175387107252195
-75.5 24.53804694754658
-77.0 15.49928711263844
-82.0 27.721701859734367
-92.0 47.30952432650322
-60.0 10.907428156994662
-61.0 12.100619818835728
-88.0 19.99546208518323
-83.0 18.050676690916603
-56.0 8.595449610113482
-48.0 7.847011660498537
-65.0 15.011612838066402
-75.0 32.32847221877335
-80.0 32.07088629894721
-86.0 34.9261614552759
-71.0 27.10143154890531
-64.0 16.67058847191664
-63.0 8.596496263013206
-63.0 4.261678190572347
-86.0 20.974329548283542
-93.0 32.09604343217401
-86.0 13.951693588951844
-89.0 41.90144498701686
-87.0 32.058509322799146
-94.0 14.508419900182101
-88.0 15.07421311379138
-64.0 12.750098038838761
-84.0 22.737864983326823
-52.0 3.9980937957981926
-91.0 33.142450422381266
-93.0 18.908665103597343
-91.0 13.914821163062067
-90.0 17.111835114913887
-61.0 6.225832394146183
-68.0 9.472328119316815
-79.0 19.411401391965498
-81.0 21.267015046780777
-57.0 7.313942438931277
-85.0 26.45546476628222
-82.0 21.324967713926323
-80.0 14.299646883752061
-55.0 7.151136553024282
-63.0 21.73769978631594
-55.0 11.500631287020726
-71.0 13.692922113267132
-66.0 12.53809188034607
-78.0 18.901131024359362
-94.0 57.62998431372336
-71.0 17.747675594285578
-59.0 12.423566315676025
-68.0 11.758677816829579
-74.0 7.750801829488353
-58.0 20.460736888000884
-66.0 14.442977255399942
-51.0 7.886477033504884
-66.0 20.465241655059927
-74.0 20.09053876828593
-87.0 25.07183188360994
-78.0 12.3526106147648
-69.0 12.143249318036753
-74.0 13.043846403572836
-59.0 15.897948106595392
-92.0 54.3228597553553
-91.0 42.84005158727052
-71.0 14.09854563421348
-60.0 7.851432990225414
-74.0 8.902275214797621
-80.0 12.269226911260546
-66.0 19.032964929300952
-68.0 28.444957233225015
-59.0 17.71339944787561
-80.0 10.65664656446858
-60.0 5.263259541386876
-90.0 11.87899360215334
-89.0 19.49775628117246
-91.0 30.605751158891692
-67.0 13.30393753743605
-89.0 12.834104877240174
-67.0 13.210034065058275
-81.0 23.719917875068624
-92.0 25.292151529674182
-51.0 3.458143143364658
-81.0 37.03308104924569
-83.0 30.24681834507557
-82.0 25.442476609009585
-84.0 20.444418504814465
-75.0 17.6997736991183
-89.0 23.996770616064154
-93.0 32.36799235355817
-61.0 7.490844678672759
-63.0 24.356920823453855
-57.0 11.69104443580641
-60.0 8.120475109253153
-69.0 10.001787240288609
-72.0 22.283710507902406
-71.0 32.87684735493962
-72.0 24.19785155752469
-80.0 17.88104068559769
-78.0 13.053361559383852
-72.0 6.164243749236397
-81.0 12.265112677835454
-80.0 19.73537433138779
-86.0 30.757673904247053
-58.0 6.523247197523638
-54.0 10.941462059523856
-61.0 9.46723402055743
-68.0 24.898596667282273
-74.0 24.580922439973644
-75.0 16.18582407540623
-87.0 28.575544684222557
-68.0 10.247730919574343
-62.0 6.19879020454798
-77.0 15.163803249844676
-55.0 14.58488100739941
-73.0 26.451835323848513
-61.0 15.592322469728492
-69.0 10.618009041246856
-66.0 8.185703879325223
-86.0 13.79454562499251
-92.0 21.28033129441363
-92.0 32.29684201280367
-70.0 15.287862963802363
-83.0 39.07422541778659
-92.0 22.904052392535252
-90.0 17.65611078352195
-87.0 12.789288525950143
-70.0 13.554150250015676
-76.0 19.384143004012326
-86.0 29.40963284367896
-91.0 28.188826314694268
-56.0 2.9097687193314865
-64.0 21.13621517680022
-54.0 10.31874604784903
-68.0 13.17710575202309
-71.0 12.621796544074066
-57.0 8.264435915414916
-79.0 20.13260425280346
-64.0 25.84352127710154
-68.0 13.135315755626127
-62.0 6.626018110449141
-70.0 8.841478835579487
-76.0 21.883983960878787
-57.0 13.062602803423214
-60.0 10.088236714114117
-73.0 23.712066885870577
-77.0 23.038050004286386
-81.0 14.151604184685212
-84.0 26.482782217886395
-76.0 30.768833127045944
-72.0 22.139151293579435
-87.0 17.151082064989367
-71.0 12.67320985386102
-74.0 4.057203593609766
-72.0 13.22353920098549
-81.0 20.914707743595176
-55.0 8.632887929308477
