-67.0 11.301459595999093
-67.0 11.474537027697457
-78.0 18.74498610295564
-84.0 16.63904832014139
-56.0 10.061150729414603
-67.0 27.82674238929164
-62.0 16.702590218286502
-70.0 9.523870851707304
-65.0 6.7187608976655815
-56.0 6.36041673163009
-83.0 12.41130488707775
-73.0 14.699107251802744
-62.0 23.100986818748677
-62.0 12.434649974969139
-70.0 12.327129268406331
-64.0 11.038104366239704
-57.0 6.525940621856745
-76.0 18.05817692902581
-81.0 35.90837077897019
-87.0 28.85882915157855
-86.0 24.025187116857172
-91.0 19.07433479836191
-86.0 11.02024958882511
-86.0 16.702155220210354
-78.0 23.27068971904357
-88.0 32.603940390695115
-57.0 6.9232762475579435
-74.0 18.96657557388787
-68.0 11.217063073728346
-70.0 6.863375918598659
-56.0 21.954196728643936
-54.0 9.198614243460804
-61.0 7.382271262965077
-68.0 24.86957486568679
-57.0 24.196520245688223
-59.0 11.3530841624644
-57.0 8.37150619661719
-67.0 10.960919122044466
-72.0 14.210309672910016
-87.0 19.036005069341623
-76.0 23.7198809862107
-54.0 10.428211351904986
-65.0 12.498180667601185
-73.0 28.113628652310254
-73.0 27.538041833071574
-88.0 30.27049312449336
-85.0 44.86017267019823
-56.0 10.722405933371483
-74.0 13.763902063005244
-80.0 20.91088063664465
-49.0 5.717670329775931
-90.0 30.97111589852713
-74.0 11.905670917676165
-81.0 22.275333981783533
-89.0 23.93165119668929
-54.0 4.615598986047206
-80.0 38.027320336831515
-76.0 30.83384536511786
-85.0 25.005631685682324
-89.0 19.902518634584922
-80.0 22.717504264333265
-94.0 30.882323892479334
-59.0 6.201431608910962
-61.0 19.072797172937168
-61.0 10.052488249184876
-69.0 16.494608694964544
-66.0 15.538074140639182
-75.0 8.244264733740662
-92.0 20.810159874445944
-59.0 25.6924033908858
-59.0 12.835440000249308
-72.0 9.913513403430693
-67.0 14.542107859591745
-78.0 23.34475859802367
-68.0 15.458912930733518
-72.0 11.196651285094127
-69.0 13.291143818347615
-81.0 9.975616722789624
-58.0 17.477178090298217
-64.0 12.03509833777855
-61.0 8.716910002976972
-69.0 23.417987018529153
-73.0 23.083711746597427
-87.0 27.3752945920222
-70.0 11.47898031185697
-60.0 6.454843142943133
-72.0 11.25337744857072
-81.0 14.105740994361126
-64.0 16.064362856957633
-66.0 22.535917820226448
-55.0 11.350441401108592
-67.0 11.751515476737458
-70.0 11.133092472444483
-88.0 17.766470921373216
-81.0 19.34339044738538
-81.0 37.36052852945205
-84.0 28.00253595658793
-92.0 18.24082278845995
-85.0 12.95925337355513
-87.0 10.493564742259895
-69.0 9.219869250699817
-74.0 15.922468401601558
-79.0 26.627476485765605
-90.0 28.055853738569425
-46.0 2.6016829168828393
-81.0 20.18893233927936
-60.0 7.700292461978311
-74.0 24.88603532103899
-79.0 31.958552720672444
-80.0 22.93464671626751
-72.0 16.496109117000895
-72.0 11.77905972478279
-79.0 11.773401759899302
-81.0 19.4336049151978
-85.0 30.5649227710459
-63.0 7.541336353724053
-49.0 9.108215632054394
-66.0 11.420005253939246
-74.0 27.866038756881107
-75.0 27.57625333507074
-78.0 18.85207948741995
-88.0 31.054335510520907
-92.0 16.21820729920542
-59.0 6.741290677607664
-60.0 11.641681751362215
-69.0 25.872989622384193
-60.0 14.588780620737293
-74.0 9.715045856814058
-67.0 8.038143317955956
-60.0 6.940309863399472
-86.0 14.41247685167265
-93.0 32.56556469647042
-67.0 16.65195946427927
-77.0 36.93289985906874
-81.0 29.473513872628082
-81.0 23.562080044002904
-88.0 18.49232943682326
-82.0 11.44490720801178
-91.0 31.129534673682485
-57.0 5.502431644282371
-62.0 18.384330066662752
-59.0 8.675512664966838
-66.0 16.068979930288044
-70.0 15.605696011392764
-80.0 21.934715726446058
-92.0 58.462441721159756
-89.0 46.75294664510462
-66.0 11.196651285094127
-56.0 6.4744500924788975
-67.0 23.5008245387263
-53.0 11.174774807574424
-66.0 11.55683866807874
-77.0 26.642787316645382
-77.0 26.03804424299183
-85.0 16.87269690950442
-63.0 29.425356276517707
-64.0 20.230484917569328
-75.0 15.204674149747502
-63.0 2.6273372451971215
-92.0 31.91184739246539
-59.0 10.219723773175085
-89.0 46.07670878003333
-89.0 36.29787900139621
-92.0 18.139852480105787
-60.0 10.710788439699478
-79.0 21.278216654597728
-84.0 19.475521276720684
-58.0 7.144001259798321
-65.0 27.27708914088892
-73.0 15.76986112811397
-68.0 8.505534433532086
-61.0 6.538176198298728
-91.0 20.261354841174864
-70.0 16.11312365744147
-63.0 20.39361645221367
-52.0 10.696191845699104
-64.0 15.08423402099026
-76.0 14.038082062732075
-89.0 19.821900867474845
-82.0 34.81196765481664
-76.0 22.61856794759562
-81.0 17.725299658962047
-78.0 22.62089741809551
-58.0 6.652124021694123
-75.0 16.574950648493648
-61.0 11.730515760187187
-70.0 12.458350773677871
-69.0 8.805903076913804
-67.0 18.96830920245661
-58.0 24.128480930220206
-65.0 11.207342236230675
-57.0 8.872548450135396
-69.0 12.031115825225855
-85.0 20.16927090898429
-92.0 25.872040893597863
-80.0 25.16350043217358
-69.0 30.66723971928351
-70.0 21.098069105963226
-80.0 14.46181579193982
-64.0 9.985877427647507
-64.0 4.054984710205452
-89.0 19.193032589979104
-74.0 9.315994525545836
-49.0 9.486389829645418
-65.0 14.6626232305137
-78.0 31.06367840420706
-70.0 30.538037723468744
-78.0 21.096632456389813
-87.0 32.89548227340648
-100.0 43.98746516906834
-94.0 21.477793555204872
-86.0 17.139687890973978
-73.0 9.227675167668181
-70.0 12.634278768493278
-80.0 21.917721231916428
-47.0 5.3861631984187035
-90.0 42.481514709341525
-88.0 33.3986230255081
-94.0 17.324729377395773
-64.0 11.356407398468937
-74.0 15.826086060678428
-82.0 25.270427459779942
-89.0 23.805523077638938
-44.0 3.082491524724764
-59.0 25.369737720362817
-63.0 13.676422046719676
-64.0 8.973411614319271
-63.0 8.168093290358529
-93.0 15.15419047656456
-82.0 18.037648239169098
-84.0 38.58026816910427
-89.0 18.129799116371917
-90.0 12.809303181672297
-89.0 11.73264254121807
-72.0 8.17049502784256
-67.0 14.552147607827514
-81.0 25.170985360132413
-87.0 26.667619485060907
-55.0 2.667162162299098
-63.0 16.52318347050592
-59.0 9.372327352370915
-74.0 19.35582899283831
-70.0 18.538062142521802
-81.0 22.953708937772998
-65.0 25.628335724350112
-53.0 12.706711612372416
-62.0 7.52888544208238
-68.0 11.08529422252743
-76.0 24.81021471088068
-68.0 14.462295426383738
-63.0 9.774712271980183
-74.0 12.117528790970542
-76.0 10.924418931915785
-64.0 17.371550132328434
-69.0 13.452731655689858
-58.0 10.695092332467262
-68.0 15.265729723796372
-81.0 12.528005787035701
-58.0 14.50040530468028
-51.0 9.95427506149996
-59.0 10.381354439570975
-78.0 26.381397157845907
-79.0 26.07845371182885
-80.0 17.50545346456355
-89.33333333333333 29.802965523585062
-92.0 17.180403022048115
-68.0 9.0975265319756
-58.0 6.299603162104736
-69.0 13.857362808269114
-76.0 16.291406599799785
-59.0 13.110063081465322
-66.0 26.800216267784112
-58.0 14.929853314751622
-62.0 7.647490830331214
-60.0 6.697294080447715
-91.0 13.90685043422845
-91.0 31.448402248762978
-70.0 17.54142964527122
-69.0 19.75124279634069
-58.0 9.413847247539127
-68.0 14.617596108799832
-68.0 14.112892970613785
-83.0 20.999446516515622
-85.0 34.98647012775081
-75.0 26.266518992816692
-79.0 18.82295449710273
-80.0 13.753917551010694
-75.0 11.619121696582749
-75.0 18.722847005730728
-80.0 29.55351931665669
-58.0 4.424788582520073
-79.0 33.746630824424535
-82.0 26.120031010701346
-83.0 16.402507369301805
-89.0 22.05413793373026
-94.0 32.81186529290891
-56.0 6.713401075460932
-60.0 24.992674006596417
-50.0 8.01271439650759
-66.0 13.755163394158574
-81.0 30.83978138703321
-78.0 30.57249986507482
-81.0 33.618175946948696
-92.0 43.14926525446291
-92.5 20.00463986179206
-93.0 14.836786983710455
-62.0 11.589003408404022
-83.0 21.3322878285476
-88.0 21.94139760817437
-62.0 5.461662201198459
-66.0 8.39434333345974
-77.0 17.996069126339787
-59.0 8.737205159546157
-79.0 35.86782809148053
-82.0 28.127389142968816
-79.0 22.12603932022177
-76.0 17.09743395951568
-77.0 14.590852922293474
-79.0 21.25899809492442
-89.0 31.756802483877376
-57.0 5.1571071348189
-63.0 15.723472644425597
-53.0 7.877342191373941
-75.0 18.994423286849223
-72.0 18.594777438840186
-84.0 23.97794307274917
-69.0 13.55868684644645
-61.0 8.380035799446205
-74.0 11.023361737691458
-77.0 11.986364294480625
-59.0 17.39510718564275
-73.0 15.460271310685334
-66.0 8.853530369293368
-70.0 7.893446902336141
-65.0 20.520690875309242
-49.0 9.854927295520755
-72.0 13.540624800946226
-83.0 19.67505783981333
-70.0 28.59306895035928
-60.0 18.999592627211772
-70.0 13.95786932164075
-62.0 10.059212096382103
-85.0 12.845212688001705
-73.0 11.402269686338768
-91.0 43.661276802219156
-89.0 34.32672457430216
-53.0 10.941617293617977
-80.0 14.754829717756827
-82.0 23.919667723444658
-90.0 22.35472945486033
-46.0 4.3412848328576645
-63.0 17.78042721646474
-58.0 9.601901894937274
-72.0 17.91954564156134
-77.0 17.03806761343551
-74.0 9.242721514792057
-83.0 21.85675534016886
-76.0 15.649568332704899
-61.0 10.381955499808308
-68.0 11.197790139130133
-72.0 9.867822910855262
-66.0 18.87102948967014
-93.0 53.67803174483953
-94.0 42.93217930643633
-72.0 14.412737040548542
-58.0 10.84550598174193
-73.0 11.224167185141177
-59.0 15.98770633955978
-69.0 29.86957636124088
-62.0 19.920856407293336
-70.0 13.144737197829404
-61.0 8.906388044544208
-58.0 3.9618052703281617
-85.0 11.346827265804306
-64.0 10.599846885686604
-93.0 41.55888703995814
-93.0 21.13933811641225
-61.0 9.957308321027325
-71.0 14.854124006483858
-81.0 24.67335615598332
-55.0 2.4126238828296467
-89.0 40.18610570831665
-81.0 31.67421695953982
-91.0 22.71690154928704
-86.0 17.417641861055703
-65.0 12.687237248510803
-73.0 18.151721681427357
-89.0 26.723415369297392
-56.0 2.076476342268315
-82.0 39.35765607858273
-85.0 28.302643268783214
-88.0 23.232783905507322
-84.0 15.441402170787471
-78.0 19.88522036588984
-60.0 9.27225722248903
-64.0 24.94665492606173
-65.0 12.874646402911422
-64.0 8.435764102913263
-61.0 8.562928704596343
-86.5 16.00248383845458
-72.0 19.44031260036731
-82.0 36.16187345810501
-79.0 27.10693675058102
-88.0 18.47337586907168
-85.0 13.278036300598067
-82.0 9.331393304324923
-69.0 10.38051005490578
-68.0 17.31430044789567
-81.0 28.08854755945918
-92.0 29.455049295494312
-51.0 3.30511028560319
-78.0 34.83479714308668
-75.0 26.79761220706054
-84.0 20.699072829477167
-80.0 15.721903447102072
-75.0 13.695728859757702
-81.0 20.65490256573485
-55.0 5.235910045063799
-58.0 14.151310610681968
-57.0 9.62437114828808
-69.0 22.25363152386594
-73.0 21.53805348679402
-84.0 25.272173511591756
-93.0 51.63492124521931
-76.0 14.255613069945468
-56.0 14.372917379571902
-93.0 49.819143830459396
-92.0 39.49815210867465
-69.0 11.873246775840212
-67.0 11.018393712333935
-80.0 17.533696244659883
-75.0 15.24430808531499
-50.0 11.535673105631938
-51.0 8.445803218166997
-72.0 12.552311340944344
-78.0 29.35224209494055
-78.0 29.07427983630893
-77.0 20.22030912226616
-89.0 32.3268735574599
-59.0 27.816822104618637
-69.0 17.810011791124676
-65.0 12.765661596642769
-72.0 9.235461439473395
-85.0 12.997287755528074
-88.0 20.77239755059584
-63.0 12.652302320131303
-92.0 15.342563279973787
-62.0 7.194650026234771
-71.0 16.595617011729335
-68.0 10.182521986227183
-60.0 24.480269442961614
-56.0 13.471322132589659
-66.0 10.996368309582943
-72.0 9.538120779273033
-61.0 6.567183642932486
-76.0 17.304414292312813
-69.0 26.40006803021538
-63.0 14.199032361397025
-59.0 7.008859821682838
-66.0 7.17354500926843
-67.0 18.980799614347127
-81.0 20.22330311793798
-64.0 14.188904115540423
-65.5 10.857186744272202
-72.0 6.215861082746299
-61.0 23.448491507984052
-57.0 17.03982370800825
-57.0 8.149142286155028
-82.0 17.528551451845644
-72.0 17.099758711747953
-68.0 10.352820919923227
-87.0 22.93004042735206
-78.0 32.71539533614106
-75.0 24.773332839971292
-85.0 19.846400580457907
-76.0 15.112850426044718
-80.0 6.704841608867431
-81.0 14.247876648820341
-80.0 21.576955299578298
-55.0 7.09850364513536
-92.0 43.63264855586926
-60.0 9.081024171314597
-72.0 10.003524578867191
-59.0 18.892716956541747
-92.0 45.436571393537164
-76.0 16.845503524679813
-62.0 7.0613386832809555
-71.0 10.95882881516086
-66.0 22.01008300756724
-66.0 29.12736843588861
-59.0 18.78969185484424
-72.0 11.871146364189094
-66.0 7.964279502880346
-65.0 4.410090815391447
-89.0 11.518701706355625
-93.0 30.467720689280323
-68.0 11.934226158406751
-94.0 40.67066623501513
-95.0 31.062711085801894
-88.0 14.33032616516456
-69.0 8.59232151400307
-73.0 13.975872065813999
-83.0 24.154802917846382
-86.0 24.715641383544956
-64.0 2.5767720116455783
-89.0 42.3476220347731
-86.0 32.040068976205404
-90.0 15.724976979315423
-87.0 6.245797707258856
-67.0 10.652933868188613
-78.0 20.838582101477062
-88.0 22.58882309904613
-51.0 5.92863846089471
-84.0 38.18359715898962
-84.0 26.868747942544697
-83.0 21.83158830685482
-88.0 24.79243836333974
-60.0 8.294200021701913
-59.0 24.60787662517837
-72.0 12.205266076575308
-64.0 8.142611129115771
-60.0 9.188566155826491
-64.0 11.266183959087478
-87.0 16.941354402762492
-77.0 20.85652785101106
-62.0 13.208769511199748
-62.0 8.175605176376854
-69.0 21.940011759340514
-78.0 13.65872984577995
-82.0 26.205948828462592
-62.0 7.697077367416804
-73.0 13.338009746585135
-80.0 14.181358503331055
-63.0 14.401380281070283
-93.0 41.56217054004759
-73.0 12.767849818978918
-61.0 7.028869041318097
-70.0 10.034665116484957
-80.0 13.134037041214707
-59.0 17.54732897052996
-46.0 9.346849308724305
-75.0 15.847287465052181
-78.0 32.54212832621739
-71.0 32.03803595728053
-86.0 34.23109338014198
-86.0 33.178095484822514
-91.0 15.9886912535079
-74.0 13.707114940788964
-84.0 23.287990553072632
-85.0 22.793945007391766
-48.0 3.894323304503621
-89.0 41.322525237453725
-83.0 32.51325914146412
-93.0 17.306364378459158
-86.0 14.633724782159872
-77.0 16.96245854821759
-80.0 26.63716396315494
-88.0 25.26206501852135
-48.0 2.1579513432883517
-85.0 40.294578940596956
-84.0 22.757377880590727
-78.0 18.951859776813464
-88.0 24.458638555733227
-55.0 8.26557644692734
-65.0 23.94776799620374
-83.0 12.477520587039718
-68.0 10.346985841296972
-64.0 9.647888266351348
-57.0 8.054868155345561
-72.0 18.64166714647593
-65.0 26.08017622639847
-62.0 13.59501820521032
-58.0 6.653128286753533
-68.0 7.909851326036414
-69.0 11.681904853233481
-83.0 15.835418813533161
-91.0 22.131708022653832
-94.0 32.34751928664701
-73.0 20.428895075358334
-61.0 15.309722139869164
-53.0 9.380006396586305
-70.0 20.03805749068507
-85.0 24.094143562285005
-70.0 31.721587160796354
-80.0 18.487012089572502
-72.5 13.86557780981377
-79.0 5.334594736247544
-78.0 21.195400444436054
-57.0 7.759365566848877
-75.0 13.33817787405761
-53.5 9.370432220554182
-67.0 13.144523726632322
-74.0 12.075261032375241
-52.0 15.872169164925127
-59.0 10.753836524701311
-74.0 16.370293338850104
-83.0 13.871551066841803
-55.0 13.016019130287109
-82.0 37.98903910340455
-87.0 30.150356880143228
-87.0 23.18692769644137
-89.0 18.016721344351197
-83.0 14.524599443702396
-74.0 20.651997482083907
-84.0 30.811856549062412
-90.0 29.657695948943843
-53.0 4.13784412466202
-94.0 61.657109014289674
-79.0 21.511229369796606
-81.0 15.217259937321172
-63.0 10.697406414640886
-56.0 24.94347116982719
-80.0 33.83674174621428
-73.0 25.4867420436587
-81.0 19.28319517092538
-80.0 14.371299454120354
-75.0 20.144602254698405
-81.0 31.0218391459952
-56.0 5.72134197544597
-57.0 12.062486974086232
-67.0 10.743208086972905
-78.0 25.175387107252195
-73.0 24.53804694754658
-80.0 15.49928711263844
-82.0 27.721701859734367
-90.0 37.33486333174396
-56.0 10.907428156994662
-66.0 12.100619818835728
-80.0 19.99546208518323
-82.0 18.050676690916603
-65.0 8.595449610113482
-54.0 7.847011660498537
-63.0 15.011612838066402
-75.0 32.32847221877335
-80.0 23.006105733044
-87.0 34.9261614552759
-70.0 27.10143154890531
-65.0 11.644832158515637
-65.0 8.596496263013206
-93.0 32.09604343217401
-69.0 13.951693588951844
-89.0 41.90144498701686
-87.0 32.058509322799146
-94.0 14.508419900182101
-88.0 15.07421311379138
-64.0 12.750098038838761
-84.0 22.737864983326823
-52.0 3.9980937957981926
-92.0 43.634265113554974
-87.0 33.142450422381266
-92.0 13.914821163062067
-87.0 17.111835114913887
-70.0 6.225832394146183
-67.0 9.472328119316815
-81.0 19.411401391965498
-84.0 21.267015046780777
-51.0 7.313942438931277
-86.0 39.14862822628655
-80.0 32.206583488473285
-83.0 26.45546476628222
-82.0 21.324967713926323
-77.0 17.772253346157317
-85.0 23.5564216297807
-92.0 33.33848382875262
-56.0 7.151136553024282
-58.0 21.73769978631594
-54.0 11.500631287020726
-70.0 13.692922113267132
-68.0 12.53809188034607
-66.0 6.822602216163565
-80.0 18.901131024359362
-94.0 57.62998431372336
-69.0 17.747675594285578
-62.0 12.423566315676025
-66.0 11.758677816829579
-56.0 20.460736888000884
-56.0 14.442977255399942
-49.0 7.886477033504884
-66.0 20.465241655059927
-77.0 20.09053876828593
-78.0 12.474009018755758
-80.0 25.07183188360994
-62.0 12.3526106147648
-69.0 12.143249318036753
-73.0 13.043846403572836
-61.0 15.897948106595392
-60.0 7.851432990225414
-72.0 8.902275214797621
-61.0 19.032964929300952
-65.0 28.444957233225015
-61.0 17.71339944787561
-79.0 10.65664656446858
-60.0 7.21358080290226
-59.0 5.263259541386876
-88.0 19.49775628117246
-71.0 13.30393753743605
-91.0 18.142536096147083
-88.0 12.834104877240174
-64.0 7.280658555378078
-81.0 23.719917875068624
-45.0 3.458143143364658
-80.0 37.03308104924569
-79.0 30.24681834507557
-81.0 25.442476609009585
-82.0 20.444418504814465
-76.0 17.6997736991183
-83.0 23.996770616064154
-93.0 34.14789164794805
-58.0 7.490844678672759
-63.0 24.356920823453855
-60.0 11.69104443580641
-62.0 8.120475109253153
-69.0 10.001787240288609
-74.0 12.734987279145589
-71.0 22.283710507902406
-74.0 32.87684735493962
-77.0 24.19785155752469
-87.0 17.88104068559769
-77.0 13.053361559383852
-72.0 6.164243749236397
-79.0 12.265112677835454
-82.0 19.73537433138779
-87.0 30.757673904247053
-58.0 6.523247197523638
-53.0 10.941462059523856
-59.0 9.46723402055743
-68.0 24.898596667282273
-70.0 24.580922439973644
-75.0 16.18582407540623
-86.0 28.575544684222557
-67.0 14.58488100739941
-63.0 26.451835323848513
-75.0 10.618009041246856
-61.0 8.185703879325223
-64.0 5.560116995171954
-93.0 32.29684201280367
-69.0 15.287862963802363
-81.0 39.07422541778659
-89.0 30.885271894545465
-90.0 17.65611078352195
-87.0 29.40963284367896
-89.0 28.188826314694268
-56.0 2.9097687193314865
-66.0 21.13621517680022
-56.0 10.31874604784903
-66.0 13.17710575202309
-76.0 12.621796544074066
-59.0 8.264435915414916
-92.0 19.115346949506304
-83.0 20.13260425280346
-63.0 25.84352127710154
-61.0 6.626018110449141
-64.0 8.841478835579487
-64.0 13.104194023288878
-87.0 16.917165513170342
-92.0 32.89060662256019
-75.0 21.883983960878787
-62.0 13.062602803423214
-63.0 10.088236714114117
-77.0 23.712066885870577
-74.0 23.038050004286386
-82.0 26.482782217886395
-76.0 30.768833127045944
-66.0 22.139151293579435
-77.0 12.67320985386102
-70.0 4.057203593609766
-76.0 13.22353920098549
-84.0 20.914707743595176
-81.0 32.05711315761293
-93.0 34.74430786474239
-58.0 8.632887929308477
