-47.0 8.9501950816728
-62.0 15.944219015053699
-74.0 32.873863721807936
-77.0 32.43990980258731
-77.0 23.02834559841414
-88.0 34.768004745742886
-48.0 8.070315483300513
-68.0 14.696221283037351
-84.0 31.85705755401776
-76.0 31.562841253600727
-85.0 22.467765821282722
-92.0 34.39160586538523
-57.0 8.840553828805072
-69.0 11.933713587982576
-75.0 28.51671292417834
-77.0 28.222844434960837
-82.0 19.422069946326523
-91.0 31.57681038357104
-48.0 9.699948041097953
-72.0 26.170428273148303
-75.0 17.583964314113015
-86.0 29.93571368783447
-57.0 12.12270151410155
-55.0 10.195529412443475
-72.0 24.613362549639575
-78.0 24.03989700477105
-79.0 15.201351946455288
-84.0 27.503115350810713
-60.0 13.438463156179727
-58.0 8.389065502187952
-72.0 21.88726606956657
-76.0 21.471670824600494
-72.0 13.432010311193183
-82.0 25.969419593052134
-62.0 15.703572587153536
-71.0 11.200053615943096
-85.0 23.797082888455048
-59.0 16.42160747308253
-55.0 7.988474197241924
-72.0 18.21193334053252
-68.0 17.797329799719957
-84.0 23.41293988374805
-62.0 19.208149103961063
-55.0 9.456887437206811
-67.0 15.585869112757234
-70.0 14.915299125394704
-64.0 8.663359683171418
-81.0 21.095756777134117
-59.0 21.37487057270757
-57.0 10.918187578531521
-62.0 13.544992284973809
-63.0 12.652329745940072
-61.0 7.472998126588819
-86.0 19.487615400556322
-64.0 22.841054966879266
-88.0 11.4475814039473
-73.0 11.212837107529923
-74.0 10.74024897290561
-58.0 8.351862127693439
-70.0 19.43093806279048
-63.0 24.268380498088458
-72.0 10.627088782916983
-66.0 9.510375807506241
-68.0 7.267379238762759
-91.0 16.022224845507566
-68.0 17.902624221046477
-61.0 24.476043225979154
-62.0 11.552091585509526
-69.0 8.685932074337217
-73.0 16.043690379710025
-72.0 25.364020856323236
-61.0 25.014497636370795
-59.0 12.34280438150099
-67.0 7.464838645275596
-68.0 9.42488450857622
-65.0 12.777761971487807
-87.0 17.426333205812405
-72.0 22.00263970527173
-63.0 24.998949817942353
-63.0 12.724245360727684
-74.0 8.001538352092052
-60.0 10.643918498372674
-82.0 16.299125405984213
-89.0 22.897729145048423
-73.0 20.113367544993555
-69.0 26.038438739678693
-59.0 13.938465482254495
-65.0 7.5349197739591105
-61.0 7.4743058540576195
-67.0 9.83711344856813
-87.0 14.986216633960687
-91.0 21.69543730833744
-65.0 18.82075859257538
-68.0 26.598052409904
-67.0 15.25725139073221
-70.0 9.258818283128791
-64.0 7.342189591668142
-73.0 7.035588177259951
-83.0 13.69887911473052
-68.0 16.19936893832596
-72.0 28.108144584799614
-65.0 17.42881292572733
-77.0 10.838326254546871
-65.0 7.5121600089454965
-62.0 5.042420153061425
-87.0 12.228024738280505
-91.0 19.85100753110532
-70.0 13.488571236420853
-69.0 28.952048148619813
-61.0 19.066945743878332
-79.0 13.18890503415655
-64.0 9.229509629444026
-60.0 3.271284304367323
-75.0 11.39126656698016
-66.0 30.26909797136347
-71.0 20.60932847037962
-72.0 14.089904754823575
-66.0 9.716153971608314
-64.0 3.8127943820772714
-82.0 19.32500970245552
-63.0 9.81701349698573
-86.0 32.53179570819908
-64.0 23.884358479975965
-83.0 17.81465396801184
-74.0 13.038759450193105
-76.0 5.833873584506267
-82.0 12.463712488660834
-87.0 19.97352247351478
-53.0 6.868769467670319
-80.0 36.552858055150764
-81.0 23.028866146643
-81.0 17.97163954679706
-80.0 10.937188898432723
-77.0 15.192220673752736
-79.0 21.668920139222447
-86.0 32.025653529631526
-54.0 5.310325225445236
-81.0 36.99021319214043
-83.0 29.33017695139257
-86.0 23.043689721917364
-83.0 17.947721526700818
-86.0 11.253363985937716
-82.0 14.948402891279054
-80.0 21.326661717202718
-90.0 31.628666807186168
-89.0 30.72742242688117
-61.0 4.905400493333852
-81.0 37.57158995837147
-80.0 30.474257004888567
-83.0 24.96384137107108
-77.0 19.896789891839337
-83.0 12.552420523548436
-81.0 23.0296026887135
-86.0 33.13141989109432
-93.0 31.383122996285756
-58.0 6.511407989060431
-86.0 38.31485523918889
-86.0 31.68929819355424
-80.0 26.72832684625059
-79.0 21.674021500404578
-79.0 18.5298329458201
-84.0 24.52608815119117
-93.0 34.43072499962788
-61.0 8.035105101988398
-77.0 27.956374943829896
-79.0 22.419619443692618
-76.0 17.440136696711985
-78.0 9.930421995061439
-74.0 15.13688372816545
-78.0 21.857227637557333
-87.0 32.37261286952291
-57.0 5.774910735240849
-85.0 38.463457618888086
-82.0 30.318443561634226
-85.0 17.400631252917236
-86.0 12.214632249887835
-71.0 13.577471377248417
-78.0 19.597397786440936
-84.0 29.73622275945619
-95.0 28.74621486387382
-52.0 3.077835928050747
-85.0 39.732586777102746
-85.0 31.3039195628918
-92.0 22.64926524194549
-87.0 17.36447891530293
-78.0 12.864594397026282
-76.0 18.489288791081176
-81.0 28.435528903116964
-92.0 27.237560995801367
-51.0 2.1763901304683406
-93.0 41.67950733873902
-91.0 32.53961308927935
-71.0 15.645222913081168
-80.0 25.344309499372837
-85.0 24.407897267073213
-49.0 2.2943657075540513
-92.0 40.95741290657895
-91.0 30.973356937858707
-93.0 18.600448274168016
-89.0 13.331577101003466
-91.0 14.18850453712441
-80.0 22.744557239040734
-50.0 4.096417215079538
-91.0 21.94099669568363
-90.0 16.300617196903925
-50.0 10.154016397465586
-84.0 23.577889303328234
-43.0 4.027767868187044
-93.0 44.12264420906798
-87.0 34.62918104720353
-93.0 17.359626954517196
-60.0 10.567725819683249
-73.0 14.062382443953087
-86.0 23.13286718070201
-85.0 21.68849854185393
-46.0 4.940424475690323
-88.0 42.2242995442198
-88.0 32.3237943317303
-91.0 15.410042212790982
-73.0 12.441241899424671
-87.0 22.371235191647333
-86.0 22.961251904023
-52.0 4.376248850328327
-93.0 43.66274718796333
-92.0 15.202304035901927
-76.0 11.428560714280692
-91.0 21.00638721912933
-47.0 5.8661532540498795
-84.0 35.821685610814015
-90.0 22.990419656891866
-61.0 10.540765105057602
-60.0 13.058931809302015
-80.0 20.03563996981379
-54.0 6.583582155635336
-91.0 46.626564874543355
-87.0 36.64939890366553
-89.0 18.0375848715952
-92.0 19.799431835282547
-62.0 10.371605902655578
-70.0 11.965521300804241
-82.0 20.205056891778355
-82.0 18.69036513822028
-53.0 7.992230852521717
-93.0 20.496401342674766
-83.0 12.35159054535083
-55.0 9.314209574623067
-69.0 14.371318798217514
-72.0 13.271726677414662
-66.0 14.327443386731632
-56.0 7.878540473971051
-69.0 13.156514127989984
-71.0 13.816196618461971
-59.0 14.730301897788788
-50.0 6.739510367971845
-70.0 12.013210395227418
-81.0 14.22334872665365
-61.0 15.386647263130458
-93.0 41.3755234407977
-62.0 9.120274118687442
-68.0 13.559944837645913
-75.0 12.719454744602851
-56.0 15.16874398228146
-73.0 17.997860122803488
-65.0 12.39234037621627
-68.0 11.116154191086054
-67.0 21.041944634467605
-75.0 14.79419480742362
-58.0 10.328505409787033
-69.0 6.2901867221887775
-58.0 24.696688725414184
-75.0 21.2110544056631
-54.0 9.77289844416691
-59.0 6.792567187742789
-59.0 25.047312710149164
-70.0 13.059441029385598
-58.0 6.176441046427951
-63.0 10.380551478606519
-70.0 25.671265531718536
-74.0 12.292924346956667
-61.0 7.292256166646918
-70.0 11.265988815900718
-79.0 13.238161843700206
-60.0 16.46402241252119
-57.0 11.229625995553013
-73.0 12.688621832177049
-75.0 9.533417487973553
-67.0 18.180101044823704
