-48.0 8.9501950816728
-63.0 15.944219015053699
-79.0 32.43990980258731
-89.0 34.768004745742886
-49.0 8.070315483300513
-84.0 31.85705755401776
-78.0 31.562841253600727
-90.0 34.39160586538523
-52.0 8.840553828805072
-59.0 11.933713587982576
-73.0 28.51671292417834
-75.0 28.222844434960837
-85.0 31.57681038357104
-51.0 9.699948041097953
-59.0 9.944683001483758
-71.0 26.170428273148303
-77.0 25.957776252984385
-86.0 29.93571368783447
-52.0 12.12270151410155
-62.0 10.195529412443475
-71.5 24.613362549639575
-75.0 24.03989700477105
-81.0 15.201351946455288
-89.0 27.503115350810713
-55.0 13.438463156179727
-56.0 8.389065502187952
-74.0 21.88726606956657
-83.0 25.969419593052134
-59.0 15.703572587153536
-62.0 8.6973283254112
-74.0 19.097490620497766
-72.0 11.200053615943096
-87.5 23.797082888455048
-60.0 16.42160747308253
-55.0 7.988474197241924
-71.0 18.21193334053252
-70.0 17.797329799719957
-70.0 10.810592074442546
-89.0 23.41293988374805
-61.0 19.208149103961063
-56.0 9.456887437206811
-67.0 15.585869112757234
-70.0 14.915299125394704
-64.0 8.663359683171418
-80.0 21.095756777134117
-60.0 21.37487057270757
-57.0 10.918187578531521
-68.0 13.544992284973809
-63.0 12.652329745940072
-83.0 19.487615400556322
-64.0 22.841054966879266
-69.0 11.4475814039473
-68.0 11.212837107529923
-67.0 10.74024897290561
-61.0 8.351862127693439
-91.0 24.696082685316718
-71.0 19.43093806279048
-68.0 24.268380498088458
-57.0 13.03283622240378
-72.0 10.627088782916983
-68.0 9.510375807506241
-67.0 7.267379238762759
-91.0 16.022224845507566
-84.0 17.902624221046477
-62.0 24.476043225979154
-63.0 11.552091585509526
-66.0 8.685932074337217
-74.0 12.029332816079204
-68.0 16.043690379710025
-73.0 25.364020856323236
-68.0 25.014497636370795
-55.0 7.464838645275596
-60.0 9.42488450857622
-74.0 12.777761971487807
-72.0 22.00263970527173
-62.0 24.998949817942353
-63.0 12.724245360727684
-66.0 8.001538352092052
-67.0 8.644677437591296
-62.0 10.643918498372674
-84.0 16.299125405984213
-93.0 22.897729145048423
-71.0 20.113367544993555
-67.0 26.038438739678693
-59.0 13.938465482254495
-66.0 7.5349197739591105
-61.0 7.4743058540576195
-92.0 21.69543730833744
-68.0 18.82075859257538
-68.0 26.598052409904
-67.0 15.25725139073221
-69.0 9.258818283128791
-62.0 7.342189591668142
-90.0 20.958303843584293
-75.0 16.19936893832596
-72.0 28.108144584799614
-69.0 17.42881292572733
-59.0 7.5121600089454965
-66.0 5.042420153061425
-67.0 13.488571236420853
-69.0 28.952048148619813
-62.0 19.066945743878332
-73.0 13.18890503415655
-66.0 9.229509629444026
-62.0 3.271284304367323
-79.0 12.174965667302724
-89.0 19.995524499247328
-73.0 11.39126656698016
-64.0 30.26909797136347
-67.0 20.60932847037962
-71.0 14.089904754823575
-66.0 9.716153971608314
-72.0 3.8127943820772714
-79.0 11.491426760850892
-84.0 19.32500970245552
-61.0 9.81701349698573
-76.0 32.53179570819908
-80.0 17.81465396801184
-74.0 13.038759450193105
-72.0 5.833873584506267
-83.0 12.463712488660834
-55.0 6.868769467670319
-78.0 36.552858055150764
-84.0 28.98695223717043
-79.0 23.028866146643
-83.0 17.97163954679706
-79.0 10.937188898432723
-76.0 15.192220673752736
-79.0 21.668920139222447
-87.0 32.025653529631526
-65.0 5.310325225445236
-80.0 36.99021319214043
-78.0 29.33017695139257
-84.0 23.043689721917364
-78.0 14.948402891279054
-79.0 21.326661717202718
-91.0 31.628666807186168
-90.0 30.72742242688117
-56.0 4.905400493333852
-80.0 37.57158995837147
-80.0 30.474257004888567
-82.0 24.96384137107108
-82.0 19.896789891839337
-82.0 12.552420523548436
-77.0 16.845980796617333
-86.0 23.0296026887135
-85.0 33.13141989109432
-64.0 6.511407989060431
-84.0 38.31485523918889
-79.0 31.68929819355424
-82.0 26.72832684625059
-86.0 21.674021500404578
-81.0 13.954670221828962
-73.0 18.5298329458201
-91.0 24.52608815119117
-94.0 34.43072499962788
-58.0 8.035105101988398
-79.0 35.51257090102039
-78.0 27.956374943829896
-77.0 17.440136696711985
-79.0 9.930421995061439
-83.0 21.857227637557333
-88.0 32.37261286952291
-58.0 5.774910735240849
-80.0 38.463457618888086
-80.0 30.318443561634226
-88.0 22.622066572265233
-85.0 12.214632249887835
-76.0 19.597397786440936
-52.0 3.077835928050747
-89.0 39.732586777102746
-82.0 31.3039195628918
-92.0 22.64926524194549
-86.0 17.36447891530293
-89.0 13.261242060983578
-61.0 12.864594397026282
-78.0 18.489288791081176
-83.0 28.435528903116964
-93.0 27.237560995801367
-51.0 2.1763901304683406
-89.0 41.67950733873902
-92.0 32.53961308927935
-94.0 16.546879101510353
-92.0 14.86607618035102
-69.0 15.645222913081168
-81.0 25.344309499372837
-90.0 24.407897267073213
-53.0 2.2943657075540513
-94.0 40.95741290657895
-92.0 30.973356937858707
-92.0 18.600448274168016
-91.5 13.331577101003466
-84.0 22.744557239040734
-51.0 4.096417215079538
-84.0 43.16462964048227
-88.0 33.69659715757661
-90.0 21.94099669568363
-90.0 16.669326561082183
-92.0 16.300617196903925
-54.0 10.154016397465586
-72.0 14.186148173482472
-85.0 23.577889303328234
-95.0 22.590148051750344
-50.0 4.027767868187044
-93.0 44.12264420906798
-88.0 34.62918104720353
-91.0 22.60255065252592
-91.0 17.359626954517196
-91.0 17.25848142218776
-76.0 14.062382443953087
-85.0 23.13286718070201
-87.0 21.68849854185393
-50.0 4.940424475690323
-88.0 32.3237943317303
-93.0 14.579667623097587
-89.0 15.410042212790982
-73.0 12.441241899424671
-84.0 22.961251904023
-55.0 4.376248850328327
-92.0 43.66274718796333
-89.0 33.58643803680289
-92.0 20.34144085358753
-93.0 15.202304035901927
-92.0 16.89373851460949
-58.0 7.949231975480398
-69.0 11.428560714280692
-86.0 21.00638721912933
-84.0 21.428817722870296
-44.0 5.8661532540498795
-88.0 18.686650341888456
-61.0 13.058931809302015
-80.0 21.673473279564586
-50.0 6.583582155635336
-87.0 46.626564874543355
-93.0 36.64939890366553
-91.0 23.07085512069286
-91.0 19.799431835282547
-72.0 10.371605902655578
-69.0 11.965521300804241
-79.0 20.205056891778355
-83.0 18.69036513822028
-56.0 7.992230852521717
-94.0 51.64970892463965
-74.0 12.35159054535083
-52.0 9.314209574623067
-68.0 14.371318798217514
-71.0 13.271726677414662
-61.0 14.327443386731632
-68.0 11.5754718694315
-60.0 7.878540473971051
-78.0 13.816196618461971
-62.0 14.730301897788788
-62.0 6.739510367971845
-70.0 12.013210395227418
-79.0 14.22334872665365
-64.0 15.386647263130458
-68.0 13.559944837645913
-57.0 15.16874398228146
-76.0 17.997860122803488
-64.0 12.39234037621627
-68.0 11.116154191086054
-65.0 7.706705456938132
-59.0 21.041944634467605
-92.0 49.91992568103442
-77.0 21.132626646964646
-60.0 10.328505409787033
-68.0 6.2901867221887775
-64.0 24.696688725414184
-74.0 14.704863141151634
-61.0 6.792567187742789
-59.0 25.047312710149164
-95.0 48.67594580488395
-76.0 20.307026099357827
-72.0 13.059441029385598
-58.0 6.176441046427951
-63.0 10.380551478606519
-62.0 25.671265531718536
-73.0 12.292924346956667
-54.0 7.292256166646918
-69.0 11.265988815900718
-87.0 13.238161843700206
-61.0 16.46402241252119
-93.0 44.573557183603825
-73.0 15.848012777632405
-56.0 11.229625995553013
-72.0 12.688621832177049
-74.0 9.533417487973553
-68.0 18.180101044823704
