-93.0 19.256849378857385
-62.0 11.474537027697457
-81.0 18.74498610295564
-81.0 16.63904832014139
-57.0 10.061150729414603
-67.0 27.82674238929164
-70.0 9.523870851707304
-66.0 6.7187608976655815
-65.0 6.36041673163009
-83.0 12.41130488707775
-73.0 14.699107251802744
-70.0 23.100986818748677
-58.0 12.434649974969139
-68.0 12.327129268406331
-60.0 11.038104366239704
-91.0 18.05817692902581
-82.0 35.90837077897019
-81.0 28.85882915157855
-87.0 24.025187116857172
-84.0 11.02024958882511
-77.0 16.702155220210354
-79.0 23.27068971904357
-88.0 33.641618629310926
-90.0 32.603940390695115
-59.0 6.9232762475579435
-76.0 18.96657557388787
-76.0 13.25084902940185
-68.0 11.217063073728346
-63.0 6.863375918598659
-66.0 21.954196728643936
-72.0 14.203696701915312
-60.0 9.198614243460804
-61.0 7.382271262965077
-67.0 24.86957486568679
-56.0 24.196520245688223
-60.0 11.3530841624644
-65.0 8.37150619661719
-68.0 10.960919122044466
-70.0 14.210309672910016
-88.0 19.036005069341623
-69.0 23.7198809862107
-56.0 10.428211351904986
-67.0 12.498180667601185
-78.0 28.113628652310254
-76.0 27.538041833071574
-79.0 18.26603134235787
-89.0 30.27049312449336
-90.0 44.86017267019823
-91.0 35.294192440116824
-91.0 17.745936098160616
-55.0 10.722405933371483
-72.0 13.763902063005244
-79.0 22.58775119395466
-79.0 20.91088063664465
-54.0 5.717670329775931
-92.0 41.07545607780881
-90.0 30.97111589852713
-92.0 13.03266081811385
-52.0 6.615057747291401
-71.0 11.905670917676165
-79.0 22.275333981783533
-91.0 23.93165119668929
-59.0 4.615598986047206
-79.0 38.027320336831515
-75.0 30.83384536511786
-84.0 25.005631685682324
-81.0 19.902518634584922
-78.0 16.644308006042184
-84.0 22.717504264333265
-86.0 32.75109927926084
-60.0 6.201431608910962
-57.0 19.072797172937168
-57.0 10.052488249184876
-69.0 16.494608694964544
-69.0 15.538074140639182
-81.0 20.810159874445944
-63.0 25.6924033908858
-63.0 12.835440000249308
-68.0 6.931386297127005
-72.0 9.913513403430693
-76.5 23.34475859802367
-90.0 44.11947438490173
-80.0 15.458912930733518
-67.0 11.196651285094127
-72.0 13.291143818347615
-79.0 9.975616722789624
-58.0 17.477178090298217
-54.0 12.03509833777855
-74.0 8.716910002976972
-70.0 23.417987018529153
-73.0 23.083711746597427
-76.0 14.90036580087885
-82.0 27.3752945920222
-92.0 51.596677141071794
-91.0 19.311609150974448
-70.0 11.47898031185697
-58.0 6.454843142943133
-84.0 11.25337744857072
-81.0 14.105740994361126
-57.0 16.064362856957633
-70.0 22.535917820226448
-53.0 11.350441401108592
-73.0 11.751515476737458
-67.0 11.133092472444483
-58.0 8.021278015378845
-80.0 19.34339044738538
-82.0 37.36052852945205
-80.0 28.00253595658793
-90.0 18.24082278845995
-87.0 12.95925337355513
-81.0 10.493564742259895
-62.0 9.219869250699817
-72.0 15.922468401601558
-47.0 2.6016829168828393
-59.0 7.700292461978311
-58.0 8.87850939065787
-61.0 24.88603532103899
-81.0 31.958552720672444
-76.0 22.93464671626751
-76.0 16.496109117000895
-69.0 11.77905972478279
-82.0 11.773401759899302
-84.0 19.4336049151978
-91.0 30.5649227710459
-67.0 7.541336353724053
-55.0 9.108215632054394
-67.0 11.420005253939246
-79.0 27.866038756881107
-79.0 27.57625333507074
-77.0 18.85207948741995
-89.0 31.054335510520907
-92.0 47.56924523260801
-90.0 36.619530581371464
-91.0 16.21820729920542
-67.0 8.06312526257654
-55.0 6.741290677607664
-75.0 15.214154725123576
-86.0 17.47509453479437
-55.0 11.641681751362215
-63.0 25.872989622384193
-68.0 14.588780620737293
-70.0 9.715045856814058
-64.0 8.038143317955956
-58.0 6.940309863399472
-82.0 14.41247685167265
-93.0 32.56556469647042
-76.0 16.65195946427927
-77.0 36.93289985906874
-80.0 29.473513872628082
-81.0 23.562080044002904
-79.0 18.49232943682326
-82.0 11.44490720801178
-80.0 21.949145769254894
-89.0 32.2228878904421
-92.0 31.129534673682485
-52.0 5.502431644282371
-69.0 18.384330066662752
-77.0 8.675512664966838
-67.0 16.068979930288044
-66.0 15.605696011392764
-68.0 9.47211174976309
-80.0 21.934715726446058
-80.0 18.24889007583749
-73.0 11.196651285094127
-75.0 10.565364593803661
-68.0 23.5008245387263
-52.0 11.174774807574424
-78.0 26.642787316645382
-76.0 26.03804424299183
-92.0 28.98530237896441
-63.0 29.425356276517707
-64.0 20.230484917569328
-74.0 15.204674149747502
-65.0 11.026411383582603
-62.0 2.6273372451971215
-81.0 12.867380813514458
-91.0 20.69136293239283
-88.0 31.91184739246539
-63.0 10.219723773175085
-57.0 10.710788439699478
-69.0 12.871868551224411
-77.0 21.278216654597728
-87.0 19.475521276720684
-53.0 7.144001259798321
-63.0 27.27708914088892
-77.0 15.76986112811397
-66.0 8.505534433532086
-60.0 6.538176198298728
-62.0 7.59657166095338
-90.0 13.094674070017932
-72.0 16.11312365744147
-54.0 20.39361645221367
-54.0 10.696191845699104
-66.0 15.08423402099026
-56.0 7.416731153277702
-83.0 19.821900867474845
-81.0 34.81196765481664
-76.0 27.482613048980625
-81.0 22.61856794759562
-82.0 17.725299658962047
-74.0 15.784232290485336
-82.0 22.62089741809551
-90.0 33.19545908704985
-58.0 6.652124021694123
-74.0 16.574950648493648
-72.0 12.458350773677871
-69.0 8.805903076913804
-63.0 18.96830920245661
-59.0 24.128480930220206
-66.0 11.207342236230675
-56.0 8.872548450135396
-73.0 12.031115825225855
-74.0 15.690312329587323
-90.0 20.16927090898429
-92.0 25.872040893597863
-81.0 25.16350043217358
-71.0 30.66723971928351
-67.0 21.098069105963226
-74.0 14.46181579193982
-64.0 9.985877427647507
-90.0 4.054984710205452
-84.0 11.371916681017321
-88.0 19.193032589979104
-73.0 9.315994525545836
-46.0 9.486389829645418
-67.0 14.6626232305137
-77.0 31.06367840420706
-74.0 30.538037723468744
-87.0 32.89548227340648
-92.0 34.17809269107918
-90.0 16.287241878230947
-89.0 17.139687890973978
-61.0 9.227675167668181
-72.0 12.634278768493278
-79.0 21.917721231916428
-90.0 21.37977850680404
-53.0 5.3861631984187035
-86.0 42.481514709341525
-88.0 33.3986230255081
-64.0 11.356407398468937
-93.5 23.805523077638938
-44.0 3.082491524724764
-57.0 25.369737720362817
-57.0 13.676422046719676
-67.0 8.973411614319271
-68.0 8.168093290358529
-65.0 8.361871859817034
-90.33333333333333 15.15419047656456
-94.0 32.900547168702225
-64.0 18.037648239169098
-81.0 38.58026816910427
-85.0 28.94819545325753
-86.0 18.129799116371917
-90.0 12.809303181672297
-90.0 11.73264254121807
-68.0 14.552147607827514
-78.0 25.170985360132413
-86.0 26.667619485060907
-51.0 2.667162162299098
-62.0 16.52318347050592
-56.0 9.372327352370915
-72.0 19.35582899283831
-73.0 18.538062142521802
-68.0 10.362813372824968
-83.0 22.953708937772998
-66.0 25.628335724350112
-54.0 12.706711612372416
-67.0 7.52888544208238
-65.0 11.08529422252743
-77.0 15.991432112228097
-90.66666666666667 19.24968802344599
-71.0 24.81021471088068
-59.0 9.774712271980183
-73.0 12.117528790970542
-75.0 10.924418931915785
-68.0 17.371550132328434
-57.0 10.695092332467262
-67.0 15.265729723796372
-80.0 12.528005787035701
-61.0 14.50040530468028
-51.0 9.95427506149996
-60.0 10.381354439570975
-77.0 26.381397157845907
-77.0 26.07845371182885
-88.0 29.802965523585062
-92.0 48.90256733546819
-92.0 37.82652534928367
-93.0 17.180403022048115
-53.0 6.299603162104736
-69.0 13.857362808269114
-74.0 16.291406599799785
-59.0 13.110063081465322
-65.0 26.800216267784112
-65.0 14.929853314751622
-64.0 7.647490830331214
-63.0 6.697294080447715
-63.0 8.914084417370074
-87.0 13.90685043422845
-92.0 31.448402248762978
-71.0 17.54142964527122
-69.0 19.75124279634069
-56.0 9.413847247539127
-70.0 14.617596108799832
-68.0 14.112892970613785
-63.0 8.761329864809337
-82.0 20.999446516515622
-82.0 34.98647012775081
-71.0 26.266518992816692
-81.0 13.753917551010694
-78.0 8.278580856644453
-74.0 11.619121696582749
-74.0 18.722847005730728
-81.0 29.55351931665669
-92.0 30.863715411466586
-56.0 4.424788582520073
-79.0 33.746630824424535
-78.0 26.120031010701346
-77.0 21.224740658015115
-82.0 16.402507369301805
-79.0 8.121077576282596
-82.0 22.05413793373026
-87.0 32.81186529290891
-66.0 6.713401075460932
-92.0 48.08007924286315
-72.0 19.666544917702247
-59.0 10.375833894198577
-63.0 24.992674006596417
-47.0 8.01271439650759
-61.0 13.755163394158574
-81.0 30.83978138703321
-78.0 30.57249986507482
-86.0 33.618175946948696
-87.0 43.14926525446291
-92.0 33.092355914923914
-92.0 20.00463986179206
-94.0 14.836786983710455
-89.0 16.37900793699057
-73.0 7.734984744652054
-67.0 11.589003408404022
-84.0 21.3322878285476
-90.0 21.94139760817437
-52.0 5.461662201198459
-68.0 8.39434333345974
-75.0 17.996069126339787
-79.0 19.970401322957933
-57.0 8.737205159546157
-80.0 35.86782809148053
-83.0 28.127389142968816
-78.0 17.09743395951568
-82.0 10.049323410060998
-73.0 14.590852922293474
-82.0 21.25899809492442
-87.0 31.756802483877376
-90.0 31.446429511154363
-59.0 5.1571071348189
-58.0 15.723472644425597
-50.0 7.877342191373941
-70.0 18.994423286849223
-80.0 18.594777438840186
-86.0 23.97794307274917
-69.0 13.55868684644645
-61.0 8.380035799446205
-73.0 11.023361737691458
-79.0 11.986364294480625
-57.0 17.39510718564275
-91.0 44.13191611521077
-93.0 22.876762183490914
-74.0 15.460271310685334
-65.0 8.853530369293368
-72.0 7.893446902336141
-73.0 11.535377280349351
-61.0 20.520690875309242
-51.0 9.854927295520755
-64.0 13.540624800946226
-79.0 29.587397925468203
-82.0 19.67505783981333
-89.0 31.57463782848506
-71.0 28.59306895035928
-69.0 18.999592627211772
-69.0 13.95786932164075
-66.0 10.059212096382103
-68.0 2.48110882469915
-87.0 12.845212688001705
-92.0 31.90291528998565
-68.0 11.402269686338768
-88.0 43.661276802219156
-89.0 17.4723280646856
-62.0 10.941617293617977
-80.0 14.754829717756827
-81.0 23.919667723444658
-51.0 4.3412848328576645
-64.0 17.78042721646474
-59.0 9.601901894937274
-72.0 17.91954564156134
-66.0 17.03806761343551
-81.0 21.85675534016886
-60.0 10.381955499808308
-74.0 9.867822910855262
-65.0 18.87102948967014
-75.0 14.412737040548542
-57.0 10.84550598174193
-72.0 14.233710127721446
-73.0 11.224167185141177
-59.0 15.98770633955978
-66.0 29.86957636124088
-66.0 19.920856407293336
-72.0 13.144737197829404
-59.0 8.906388044544208
-59.0 3.9618052703281617
-86.0 11.346827265804306
-89.0 30.403157796518443
-67.0 10.599846885686604
-93.0 41.55888703995814
-86.0 32.216921330257485
-90.0 15.82726280820534
-55.0 9.957308321027325
-72.0 14.854124006483858
-81.0 24.67335615598332
-86.0 24.218441919330814
-44.0 2.4126238828296467
-89.0 40.18610570831665
-83.0 31.67421695953982
-91.0 22.71690154928704
-86.0 17.417641861055703
-80.0 12.687237248510803
-74.0 18.151721681427357
-85.0 28.017539220995126
-90.0 26.723415369297392
-56.0 2.076476342268315
-84.0 39.35765607858273
-82.0 33.05217118435641
-86.0 28.302643268783214
-88.0 23.232783905507322
-84.0 15.441402170787471
-81.0 19.88522036588984
-90.0 35.33013591822143
-64.0 9.27225722248903
-64.0 24.94665492606173
-65.0 12.874646402911422
-64.0 8.435764102913263
-61.0 8.562928704596343
-86.5 16.00248383845458
-72.0 19.44031260036731
-84.0 36.16187345810501
-79.0 27.10693675058102
-91.0 18.47337586907168
-88.0 13.278036300598067
-68.0 10.38051005490578
-73.0 17.31430044789567
-81.0 28.08854755945918
-92.0 29.455049295494312
-51.0 3.30511028560319
-80.0 34.83479714308668
-82.0 20.699072829477167
-80.0 15.721903447102072
-76.0 8.688607540912411
-76.0 13.695728859757702
-83.0 20.65490256573485
-90.0 31.355613596292454
-59.0 5.235910045063799
-54.0 14.151310610681968
-56.0 9.62437114828808
-74.0 21.53805348679402
-81.0 25.272173511591756
-69.0 12.29455119148316
-65.0 9.195923009682062
-69.0 14.255613069945468
-78.0 13.295898954188845
-56.0 14.372917379571902
-76.5 11.873246775840212
-76.0 17.533696244659883
-57.0 11.535673105631938
-53.0 8.445803218166997
-63.0 12.552311340944344
-77.0 29.35224209494055
-78.0 29.07427983630893
-92.0 32.3268735574599
-61.0 27.816822104618637
-69.0 17.810011791124676
-63.0 12.765661596642769
-66.0 9.235461439473395
-58.0 3.14784068847202
-84.0 12.997287755528074
-87.0 20.77239755059584
-66.0 12.652302320131303
-92.0 46.24613596831632
-88.0 35.43492655558919
-60.0 7.463578230312858
-73.0 16.595617011729335
-80.0 18.704222223872343
-48.0 10.182521986227183
-62.0 24.480269442961614
-54.0 13.471322132589659
-67.0 10.996368309582943
-69.0 9.538120779273033
-80.0 17.304414292312813
-66.0 26.40006803021538
-60.0 14.199032361397025
-63.0 7.008859821682838
-68.0 7.17354500926843
-71.0 10.281726557344346
-82.0 14.826681658415682
-68.0 18.980799614347127
-77.0 20.22330311793798
-71.0 14.188904115540423
-66.0 10.857186744272202
-71.0 6.215861082746299
-57.0 23.448491507984052
-59.0 17.03982370800825
-56.0 8.149142286155028
-74.0 17.528551451845644
-73.0 17.099758711747953
-71.0 10.352820919923227
-85.0 22.93004042735206
-77.0 32.71539533614106
-68.0 24.773332839971292
-75.0 15.112850426044718
-80.0 6.704841608867431
-80.0 21.576955299578298
-81.0 32.49305316525365
-92.0 33.70470188267507
-59.0 7.09850364513536
-74.0 10.003524578867191
-62.0 18.892716956541747
-93.0 45.436571393537164
-92.0 24.134669005395537
-76.0 16.845503524679813
-72.0 10.95882881516086
-60.0 22.01008300756724
-65.0 29.12736843588861
-58.0 18.78969185484424
-64.0 7.964279502880346
-64.0 4.410090815391447
-86.0 11.518701706355625
-92.0 19.280365660432896
-91.0 30.467720689280323
-73.0 11.934226158406751
-92.0 40.67066623501513
-90.0 31.062711085801894
-88.0 14.33032616516456
-58.0 8.59232151400307
-87.0 13.975872065813999
-86.0 24.154802917846382
-87.0 24.715641383544956
-49.0 2.5767720116455783
-91.0 42.3476220347731
-90.0 32.040068976205404
-87.0 13.397247777062272
-53.0 6.245797707258856
-67.0 10.652933868188613
-80.0 20.838582101477062
-84.0 22.58882309904613
-51.0 5.92863846089471
-80.0 38.18359715898962
-84.0 26.868747942544697
-82.0 21.83158830685482
-72.0 18.764380858424293
-85.0 24.79243836333974
-62.0 8.294200021701913
-57.0 24.60787662517837
-61.0 12.205266076575308
-67.0 8.142611129115771
-62.0 9.188566155826491
-64.0 11.266183959087478
-85.0 16.941354402762492
-78.0 20.85652785101106
-66.0 13.208769511199748
-60.0 8.175605176376854
-72.0 21.940011759340514
-74.5 21.586888335283525
-84.0 26.205948828462592
-66.0 11.217664150793604
-49.0 7.697077367416804
-70.0 13.338009746585135
-63.0 14.401380281070283
-70.0 10.034665116484957
-61.0 17.54732897052996
-48.0 9.346849308724305
-73.0 15.847287465052181
-79.0 32.54212832621739
-70.0 32.03803595728053
-88.0 34.23109338014198
-90.0 42.764109858618596
-84.0 33.178095484822514
-91.0 21.25637824277692
-59.0 9.481507738751258
-71.0 13.707114940788964
-88.0 23.287990553072632
-86.0 22.793945007391766
-49.0 3.894323304503621
-90.0 41.322525237453725
-91.0 32.51325914146412
-87.0 14.633724782159872
-71.0 11.946421598118826
-77.0 16.96245854821759
-88.0 26.63716396315494
-48.0 2.1579513432883517
-85.0 40.294578940596956
-78.0 33.590207203886074
-89.0 27.91060042349501
-81.0 22.757377880590727
-91.0 15.747282336962146
-88.0 24.458638555733227
-64.0 8.26557644692734
-70.0 10.346985841296972
-72.0 9.647888266351348
-59.0 8.054868155345561
-62.0 26.08017622639847
-59.0 13.59501820521032
-59.0 6.653128286753533
-82.0 7.909851326036414
-85.0 15.835418813533161
-93.0 22.131708022653832
-93.0 32.34751928664701
-76.0 20.428895075358334
-61.0 15.309722139869164
-53.0 9.380006396586305
-70.0 20.03805749068507
-85.0 24.094143562285005
-70.0 31.721587160796354
-69.0 23.44525581007808
-82.0 18.487012089572502
-72.0 13.86557780981377
-83.0 5.334594736247544
-72.0 13.663161749756167
-76.0 21.195400444436054
-85.0 32.240944527107146
-58.0 7.759365566848877
-52.0 9.370432220554182
-70.0 13.144523726632322
-76.0 12.075261032375241
-66.0 15.872169164925127
-71.0 12.598610597998494
-53.0 10.753836524701311
-82.0 13.871551066841803
-62.0 13.016019130287109
-79.0 37.98903910340455
-85.0 12.04267001125581
-68.0 14.524599443702396
-85.0 30.811856549062412
-88.0 29.657695948943843
-57.0 4.13784412466202
-82.0 21.511229369796606
-67.0 15.217259937321172
-62.0 5.887947774904257
-57.0 24.94347116982719
-79.0 33.83674174621428
-77.0 25.4867420436587
-84.0 19.28319517092538
-79.0 14.371299454120354
-79.0 7.38206617418186
-79.0 20.144602254698405
-81.0 31.0218391459952
-92.0 32.280612277340715
-57.0 5.72134197544597
-49.0 12.062486974086232
-68.0 10.743208086972905
-73.0 25.175387107252195
-75.0 24.53804694754658
-77.0 15.49928711263844
-88.0 27.721701859734367
-86.0 19.99546208518323
-87.0 18.050676690916603
-53.0 8.595449610113482
-61.0 7.847011660498537
-77.5 32.32847221877335
-81.0 32.07088629894721
-86.0 34.9261614552759
-67.0 27.10143154890531
-60.0 16.67058847191664
-67.0 11.644832158515637
-60.0 8.596496263013206
-75.0 13.951693588951844
-88.0 41.90144498701686
-89.0 32.058509322799146
-93.0 14.508419900182101
-87.0 15.07421311379138
-61.0 8.036105337786458
-67.0 12.750098038838761
-84.0 22.737864983326823
-89.0 23.32153359022515
-55.0 3.9980937957981926
-92.0 43.634265113554974
-91.0 33.142450422381266
-93.0 13.914821163062067
-90.0 17.111835114913887
-61.0 6.225832394146183
-69.0 9.472328119316815
-77.0 19.411401391965498
-83.0 21.267015046780777
-55.0 7.313942438931277
-84.0 39.14862822628655
-79.0 32.206583488473285
-80.0 26.45546476628222
-81.0 21.324967713926323
-84.0 14.299646883752061
-84.0 23.5564216297807
-55.0 7.151136553024282
-55.0 21.73769978631594
-56.0 11.500631287020726
-68.0 13.692922113267132
-66.0 12.53809188034607
-61.0 6.822602216163565
-84.0 18.901131024359362
-59.0 12.423566315676025
-65.0 11.758677816829579
-60.0 20.460736888000884
-66.0 14.442977255399942
-50.0 7.886477033504884
-67.0 20.465241655059927
-74.0 20.09053876828593
-86.0 25.07183188360994
-94.0 41.14117183552263
-62.0 12.3526106147648
-52.0 7.904745410195067
-68.0 12.143249318036753
-59.0 15.897948106595392
-91.0 42.84005158727052
-69.0 14.09854563421348
-58.0 7.851432990225414
-73.0 8.902275214797621
-81.0 12.269226911260546
-61.0 19.032964929300952
-64.0 28.444957233225015
-61.0 17.71339944787561
-80.0 10.65664656446858
-61.0 7.21358080290226
-61.0 5.263259541386876
-67.0 13.30393753743605
-90.0 39.81915483784155
-88.0 29.939171999238724
-92.0 18.142536096147083
-88.0 12.834104877240174
-87.0 13.026699543629615
-66.0 13.210034065058275
-80.0 23.719917875068624
-45.0 3.458143143364658
-85.0 37.03308104924569
-83.0 30.24681834507557
-85.0 25.442476609009585
-81.0 20.444418504814465
-91.0 12.487709998234264
-73.0 17.6997736991183
-65.0 7.490844678672759
-67.0 24.356920823453855
-54.0 11.69104443580641
-63.0 8.120475109253153
-72.0 12.734987279145589
-71.0 22.283710507902406
-73.0 32.87684735493962
-72.0 24.19785155752469
-79.0 17.88104068559769
-74.0 13.053361559383852
-80.0 12.265112677835454
-81.0 19.73537433138779
-90.0 30.757673904247053
-91.0 32.79280300614755
-57.0 6.523247197523638
-53.0 10.941462059523856
-59.0 9.46723402055743
-70.0 24.898596667282273
-73.0 24.580922439973644
-85.0 28.575544684222557
-90.0 18.215439824500532
-73.0 10.247730919574343
-52.0 6.19879020454798
-73.0 12.533255921746754
-86.0 15.163803249844676
-54.0 14.58488100739941
-66.0 26.451835323848513
-62.0 15.592322469728492
-71.0 10.618009041246856
-63.0 8.185703879325223
-62.0 5.560116995171954
-87.0 13.79454562499251
-91.0 21.28033129441363
-68.0 15.287862963802363
-86.0 30.885271894545465
-89.0 17.65611078352195
-71.0 13.554150250015676
-72.0 19.384143004012326
-83.0 29.40963284367896
-90.0 28.188826314694268
-58.0 2.9097687193314865
-64.0 21.13621517680022
-53.0 10.31874604784903
-68.0 13.17710575202309
-71.0 12.621796544074066
-58.0 8.264435915414916
-80.0 20.13260425280346
-64.0 6.626018110449141
-68.0 8.841478835579487
-63.0 13.104194023288878
-93.0 32.89060662256019
-76.0 21.883983960878787
-57.0 13.062602803423214
-76.0 23.712066885870577
-75.0 23.038050004286386
-76.0 14.151604184685212
-88.0 26.482782217886395
-77.0 30.768833127045944
-69.0 22.139151293579435
-83.0 17.151082064989367
-74.0 12.67320985386102
-70.0 4.057203593609766
-76.0 13.22353920098549
-80.0 20.914707743595176
-90.0 32.05711315761293
-93.0 34.74430786474239
-61.0 8.632887929308477
