-52.0 8.9501950816728
-60.0 15.944219015053699
-83.0 32.873863721807936
-80.0 32.43990980258731
-77.0 23.02834559841414
-92.0 34.768004745742886
-52.0 8.070315483300513
-68.0 14.696221283037351
-83.0 31.85705755401776
-78.0 31.562841253600727
-79.0 22.467765821282722
-93.0 34.39160586538523
-53.0 8.840553828805072
-60.0 11.933713587982576
-73.0 28.51671292417834
-79.0 28.222844434960837
-86.0 31.57681038357104
-51.0 9.699948041097953
-57.0 9.944683001483758
-71.0 26.170428273148303
-76.0 25.957776252984385
-85.0 29.93571368783447
-58.0 12.12270151410155
-55.0 10.195529412443475
-72.0 24.613362549639575
-78.0 24.03989700477105
-84.0 27.503115350810713
-60.0 13.438463156179727
-58.0 8.389065502187952
-72.0 21.88726606956657
-76.0 21.471670824600494
-72.0 13.432010311193183
-82.0 25.969419593052134
-59.0 15.703572587153536
-63.0 8.6973283254112
-66.0 19.719221992766347
-75.0 19.097490620497766
-70.0 11.200053615943096
-89.0 23.797082888455048
-59.0 16.42160747308253
-52.0 7.988474197241924
-71.0 18.21193334053252
-67.0 17.797329799719957
-63.0 19.208149103961063
-67.0 15.585869112757234
-72.0 14.915299125394704
-63.0 8.663359683171418
-79.0 21.095756777134117
-66.0 21.37487057270757
-61.0 10.918187578531521
-63.0 12.652329745940072
-59.0 7.472998126588819
-78.0 19.487615400556322
-64.0 22.841054966879266
-72.0 10.74024897290561
-91.0 17.531822181393466
-81.0 19.43093806279048
-63.0 24.268380498088458
-61.0 13.03283622240378
-72.0 10.627088782916983
-67.0 9.510375807506241
-67.0 7.267379238762759
-90.0 16.022224845507566
-92.0 23.280936407283967
-70.0 17.902624221046477
-61.0 24.476043225979154
-60.0 11.552091585509526
-66.0 8.685932074337217
-66.0 12.029332816079204
-68.0 16.043690379710025
-74.0 25.364020856323236
-61.0 25.014497636370795
-59.0 12.34280438150099
-58.0 7.464838645275596
-85.0 9.42488450857622
-65.0 12.777761971487807
-88.0 17.426333205812405
-72.0 22.00263970527173
-64.0 24.998949817942353
-61.0 12.724245360727684
-64.0 8.001538352092052
-67.0 8.644677437591296
-94.0 22.897729145048423
-73.0 20.113367544993555
-67.0 26.038438739678693
-59.0 13.938465482254495
-59.0 7.5349197739591105
-59.0 7.4743058540576195
-89.0 21.69543730833744
-68.0 18.82075859257538
-67.0 26.598052409904
-68.0 15.25725139073221
-69.0 9.258818283128791
-64.0 7.342189591668142
-90.0 20.958303843584293
-75.0 16.19936893832596
-73.0 28.108144584799614
-67.0 17.42881292572733
-77.0 10.838326254546871
-59.0 7.5121600089454965
-64.0 5.042420153061425
-75.0 13.488571236420853
-70.0 28.952048148619813
-63.0 19.066945743878332
-78.0 13.18890503415655
-66.0 9.229509629444026
-61.0 3.271284304367323
-89.0 12.174965667302724
-90.0 19.995524499247328
-73.0 11.39126656698016
-64.0 30.26909797136347
-66.0 20.60932847037962
-72.0 14.089904754823575
-70.0 9.716153971608314
-66.0 3.8127943820772714
-79.0 11.491426760850892
-64.0 9.81701349698573
-73.0 32.53179570819908
-78.0 23.884358479975965
-85.0 17.81465396801184
-74.0 13.038759450193105
-73.0 5.833873584506267
-86.0 12.463712488660834
-85.0 19.97352247351478
-59.0 6.868769467670319
-77.0 36.552858055150764
-81.0 28.98695223717043
-80.0 23.028866146643
-78.0 15.192220673752736
-74.0 21.668920139222447
-60.0 5.310325225445236
-79.0 36.99021319214043
-78.0 29.33017695139257
-86.0 23.043689721917364
-80.0 17.947721526700818
-80.0 11.253363985937716
-77.0 14.948402891279054
-78.0 21.326661717202718
-89.0 30.72742242688117
-57.0 4.905400493333852
-81.0 37.57158995837147
-80.0 19.896789891839337
-82.0 12.552420523548436
-82.0 23.0296026887135
-88.0 33.13141989109432
-93.0 31.383122996285756
-64.0 6.511407989060431
-86.0 38.31485523918889
-81.0 31.68929819355424
-80.0 26.72832684625059
-87.0 21.674021500404578
-81.0 13.954670221828962
-77.0 18.5298329458201
-84.0 24.52608815119117
-65.0 8.035105101988398
-80.0 35.51257090102039
-77.0 27.956374943829896
-77.0 22.419619443692618
-77.5 17.440136696711985
-81.0 21.857227637557333
-88.0 32.37261286952291
-93.0 32.01471519473506
-58.0 5.774910735240849
-86.0 22.622066572265233
-85.0 17.400631252917236
-86.0 12.214632249887835
-68.0 13.577471377248417
-78.0 19.597397786440936
-81.0 29.73622275945619
-87.0 28.74621486387382
-54.0 3.077835928050747
-89.0 39.732586777102746
-81.0 31.3039195628918
-93.0 13.261242060983578
-67.0 12.864594397026282
-79.0 18.489288791081176
-83.0 28.435528903116964
-51.0 2.1763901304683406
-91.0 41.67950733873902
-53.0 10.80244921302572
-80.0 25.344309499372837
-85.0 24.407897267073213
-48.0 2.2943657075540513
-91.0 18.600448274168016
-93.0 13.331577101003466
-56.0 7.098870966569263
-76.0 12.423208120288416
-82.0 22.744557239040734
-94.0 24.119168911884174
-51.0 4.096417215079538
-84.0 43.16462964048227
-86.0 33.69659715757661
-71.0 14.186148173482472
-85.0 23.577889303328234
-92.0 22.590148051750344
-49.0 4.027767868187044
-84.0 34.62918104720353
-92.0 22.60255065252592
-92.0 17.359626954517196
-59.0 10.567725819683249
-81.0 14.062382443953087
-86.0 23.13286718070201
-85.0 21.68849854185393
-47.0 4.940424475690323
-92.0 42.2242995442198
-93.0 14.579667623097587
-71.0 12.441241899424671
-80.0 22.371235191647333
-50.0 4.376248850328327
-86.0 33.58643803680289
-92.0 20.34144085358753
-92.0 15.202304035901927
-50.0 7.949231975480398
-70.0 11.428560714280692
-88.0 21.00638721912933
-85.0 21.428817722870296
-43.0 5.8661532540498795
-93.0 45.549558856261164
-90.0 35.821685610814015
-88.0 22.990419656891866
-93.0 17.84040324656368
-88.0 18.686650341888456
-60.0 13.058931809302015
-80.0 21.673473279564586
-82.0 20.03563996981379
-51.0 6.583582155635336
-92.0 46.626564874543355
-93.0 36.64939890366553
-92.0 18.0375848715952
-57.0 10.371605902655578
-65.0 11.965521300804241
-83.0 20.205056891778355
-82.0 18.69036513822028
-52.0 7.992230852521717
-74.0 12.35159054535083
-57.0 9.314209574623067
-71.0 13.271726677414662
-55.0 14.327443386731632
-66.0 11.5754718694315
-60.0 7.878540473971051
-78.0 13.816196618461971
-58.0 14.730301897788788
-80.0 11.216287665711858
-72.0 12.013210395227418
-80.0 14.22334872665365
-63.0 15.386647263130458
-57.0 9.120274118687442
-67.0 13.559944837645913
-74.0 12.719454744602851
-57.0 15.16874398228146
-73.0 17.997860122803488
-66.0 12.39234037621627
-74.0 11.116154191086054
-70.0 7.706705456938132
-58.0 21.041944634467605
-72.0 14.79419480742362
-59.0 10.328505409787033
-65.0 6.2901867221887775
-65.0 24.696688725414184
-69.0 14.704863141151634
-53.0 9.77289844416691
-60.0 6.792567187742789
-56.0 25.047312710149164
-70.0 13.059441029385598
-58.0 6.176441046427951
-65.0 10.380551478606519
-69.0 25.671265531718536
-92.0 41.11382565512482
-72.0 12.292924346956667
-60.0 7.292256166646918
-69.0 11.265988815900718
-79.0 13.238161843700206
-61.0 16.46402241252119
-74.0 15.848012777632405
-56.0 11.229625995553013
-73.0 9.533417487973553
-60.0 18.180101044823704
